#n p q pq seed time
30 16519 47417 783281423 27 0.0435314000001199
30 16553 37057 613404521 94 0.041524006000145164
30 16649 61657 1026527393 49 0.008058430999881239
30 16787 52147 875391689 46 0.029775342999982968
30 16903 35053 592500859 4 0.004677992999859271
30 16937 47507 804626059 74 0.005382387999816274
30 16937 54799 928130663 68 0.005355837000024621
30 17107 32783 560818781 45 0.0062646189999213675
30 17117 53917 922897289 7 0.013710059000004549
30 17321 41051 711044371 94 0.006773213000087708
30 17321 61051 1057464371 48 0.007201788000202214
30 17341 35933 623114153 10 0.020739268999932392
30 17383 51169 889470727 52 0.010860374000003503
30 17393 44543 774736399 6 0.01440491999983351
30 17443 52321 912635203 40 0.04905528700010109
30 17449 46471 810872479 66 0.019034669999655307
30 17729 38177 676840033 9 0.04140673800020522
30 18049 59441 1072850609 7 0.029514038999877812
30 18229 49597 904103713 95 0.02540704300008656
30 18379 39373 723636367 32 0.013346486000045843
30 18439 57791 1065608249 64 0.009759161000147287
30 18457 31253 576836621 5 0.016668524999658985
30 18481 38603 713422043 63 0.014367105999554042
30 18493 37139 686811527 35 0.015774358000271604
30 18521 49943 924994303 19 0.012160264999693027
30 18719 31277 585474163 67 0.00841673200011428
30 18719 46027 861579413 23 0.017819751999923028
30 18731 55291 1035655721 24 0.01855802099998982
30 18757 48187 903843559 56 0.03905155800021021
30 19051 34231 652134781 17 0.02345662599964271
30 19423 28069 545184187 82 0.02335152200066659
30 19457 36791 715842487 63 0.025821961000474403
30 19541 42157 823789937 61 0.008475230999465566
30 19543 40529 792058247 26 0.030503160000080243
30 19577 38867 760899259 2 0.01000592900072661
30 19753 34939 690150067 47 0.0201603849991443
30 19793 53087 1050750991 62 0.008627184999568271
30 19913 45707 910163491 33 0.008339857999999367
30 20327 39541 803749907 74 0.013080201999400742
30 20369 48163 981032147 6 0.05156198399981804
30 20407 35569 725856583 90 0.02172328500000731
30 20407 49921 1018737847 58 0.023243144999469223
30 20483 32587 667479521 82 0.03540143500049453
30 20759 26237 544653883 42 0.005162962999747833
30 20789 39343 817901627 92 0.009826759000134189
30 21211 46181 979545191 51 0.011585248000301362
30 21227 33751 716432477 59 0.004851726999731909
30 21383 41341 883994603 21 0.006992173000071489
30 21487 45821 984555827 64 0.010684480000236363
30 21557 44507 959437399 4 0.026231877000100212
30 21589 33409 721266901 18 0.011963138999817602
30 21599 31069 671059331 85 0.007696611999563174
30 21649 27689 599439161 91 0.00841019299969048
30 21893 28181 616966633 33 0.018218513000647363
30 21893 44983 984812819 37 0.013420973000393133
30 21893 45833 1003421869 85 0.03339563899953646
30 22123 48413 1071040799 98 0.017770913000276778
30 22409 32707 732931163 55 0.006527074999212346
30 22447 43853 984368291 28 0.020718419999866455
30 22637 33343 754785491 85 0.006853787999716587
30 22643 35491 803622713 40 0.005475185000250349
30 22669 35407 802641283 61 0.038829336000162584
30 22769 29033 661052377 43 0.010476702000232763
30 23209 30403 705623227 89 0.014559072999873024
30 23293 42967 1000830331 27 0.01642899199941894
30 23417 32141 752645797 96 0.018510093000259076
30 23509 36269 852647921 78 0.010786060000100406
30 23741 24851 589987591 80 0.012977228000636387
30 23743 28087 666869641 92 0.010235443999590643
30 23747 41077 975455519 69 0.035123198999826855
30 23887 24917 595192379 22 0.006154124999738997
30 23899 26647 636836653 19 0.007280284000444226
30 24001 36541 877020541 97 0.052626091000092856
30 24049 32371 778490179 30 0.004429760999300925
30 24049 33023 794170127 76 0.013594582999758131
30 24103 24251 584521853 90 0.005445555000733293
30 24107 30517 735673319 9 0.005807280999761133
30 24169 42643 1030638667 85 0.029372686999522557
30 24337 32749 797012413 18 0.00950648900015949
30 24683 26357 650569831 11 0.007597024999995483
30 24907 29753 741057971 50 0.006383930000083637
30 24967 40559 1012636553 41 0.015316496999730589
30 25073 36493 914988989 27 0.012154771000496112
30 25121 26371 662465891 25 0.04076954299944191
30 25561 34679 886429919 99 0.02057786999921518
30 25633 35923 920814259 9 0.016135395999299362
30 25657 31393 805450201 60 0.0064105120000022
30 25933 38891 1008560303 38 0.011263874000178475
30 26041 37409 974167769 39 0.042095983000763226
30 26189 33829 885947681 47 0.016682024000147067
30 26399 35221 929799179 35 0.011707286000273598
30 26479 39863 1055532377 36 0.022188322999681986
30 26561 30911 821027071 79 0.00816090699936467
30 26693 29303 782184979 95 0.02692122999997082
30 26699 38053 1015977047 93 0.01945055299984233
30 26981 32381 873671761 3 0.013716013999328425
30 28051 32687 916903037 25 0.010772833000373794
30 29129 33199 967053671 44 0.009738036999806354
30 29147 33151 966252197 24 0.010981365000588994
30 30817 34367 1059087839 18 0.004477850000512262
31 17497 62057 1085811329 38 0.019155261000378232
31 18199 61781 1124352419 29 0.019489553999846976
31 18587 60539 1125238393 6 0.01697878200047853
31 19433 63317 1230439261 36 0.012869149999460205
31 20327 60659 1233015493 43 0.026361046000602073
31 20347 60089 1222630883 94 0.015229558999635628
31 20483 61261 1254809063 18 0.056133461999706924
31 20521 53939 1106882219 82 0.02187107899953844
31 21517 56333 1212117161 78 0.008615120999820647
31 21991 57593 1266527663 62 0.022592166000322322
31 22003 52267 1150030801 18 0.011153354000271065
31 22093 54959 1214209187 74 0.008829736000734556
31 22193 51431 1141408183 76 0.014205567000317387
31 22453 57077 1281549881 79 0.0069723789993076934
31 22511 55663 1253029793 77 0.007752370999696723
31 22901 49171 1126065071 15 0.013373343000239402
31 22963 53479 1228038277 30 0.012267167998288642
31 23581 62473 1473175813 91 0.01649485999951139
31 24181 48779 1179524999 2 0.012866557999586803
31 25439 49783 1266429737 86 0.011689451999700395
31 25759 61151 1575188609 97 0.004784905999258626
31 25793 64969 1675745417 64 0.025199831999998423
31 26449 51593 1364583257 9 0.049109338000562275
31 26501 56983 1510106483 92 0.024327674000232946
31 26641 44623 1188801343 29 0.010034531000201241
31 27241 46933 1278501853 63 0.02017318100115517
31 27253 61223 1668510419 98 0.012163412000518292
31 27367 57571 1575545557 74 0.006383519999872078
31 27457 42829 1175955853 32 0.007819335998647148
31 27617 58237 1608331229 9 0.020709897000415367
31 27763 41617 1155412771 26 0.025661374000264914
31 27809 54499 1515562691 84 0.018653147000804893
31 27941 48271 1348740011 88 0.011888250999618322
31 27947 55337 1546503139 83 0.014370103001056123
31 28123 41491 1166851393 47 0.019813495000562398
31 28879 39103 1129255537 5 0.012170656000307645
31 29059 65327 1898337293 18 0.008641964999696938
31 29173 55681 1624381813 23 0.017982390001634485
31 29207 65071 1900528697 4 0.005357536001611152
31 29209 43889 1281953801 24 0.011512795999806258
31 29303 64013 1875772939 57 0.027346257000317564
31 29339 48299 1417044361 20 0.035121159000482294
31 29401 39181 1151960581 85 0.011131929999464774
31 29501 52183 1539450683 33 0.008809904000372626
31 29921 56963 1704389923 52 0.011759156999687548
31 30241 42299 1279164059 94 0.029937848999907146
31 30553 45319 1384631407 4 0.011064321999583626
31 30839 60937 1879236143 61 0.026086554000357864
31 30911 54311 1678807321 67 0.010051650999230333
31 30949 62053 1920478297 74 0.007405290998576675
31 31019 36833 1142522827 49 0.007016489998932229
31 32051 56671 1816362221 71 0.022242455999730737
31 32059 56207 1801940213 79 0.01766636000138533
31 32939 44129 1453565131 92 0.005997932999889599
31 33071 56101 1855316171 79 0.008448741000393056
31 33113 60589 2006283557 84 0.018440080000800663
31 33457 36997 1237808629 90 0.0338699820003967
31 33487 38803 1299396061 94 0.010389359000328113
31 33703 56713 1911398239 2 0.015402697999888915
31 33721 50153 1691209313 56 0.008701602999281022
31 34183 48239 1648953737 11 0.007419968998874538
31 34351 42697 1466684647 44 0.007572554999569547
31 34651 55441 1921086091 71 0.012189266999484971
31 34721 36457 1265823497 76 0.042896910999843385
31 34807 50539 1759110973 38 0.007663796000997536
31 35171 51577 1814014667 93 0.013577755000369507
31 35279 42569 1501791751 84 0.022840084000563365
31 35323 38959 1376148757 39 0.016012344998671324
31 35353 46819 1655192107 73 0.05854242499844986
31 35963 37253 1339729639 9 0.004521835000559804
31 36209 36721 1329630689 82 0.021751154001321993
31 36353 40423 1469497319 19 0.033614383999520214
31 37253 43717 1628589401 52 0.031340194000222255
31 37549 50989 1914585961 44 0.02187869900080841
31 37643 51413 1935339559 66 0.01558839899917075
31 37717 55243 2083600231 93 0.0055851800007076235
31 38459 52783 2029981397 34 0.019311247999212355
31 38543 55529 2140254247 35 0.012821613998312387
31 38861 40177 1561318397 26 0.0168865449995792
31 38971 48397 1886079487 79 0.006115635000242037
31 39659 46237 1833713183 44 0.012791224999091355
31 39703 52363 2078968189 72 0.019734424000489525
31 39847 51659 2058456173 36 0.007375805000265245
31 39857 46447 1851238079 63 0.013833605000399984
31 40127 51383 2061845641 7 0.005904992000068887
31 40193 42307 1700445251 67 0.00608952800030238
31 40583 43487 1764832921 20 0.005498746999364812
31 40637 42457 1725325109 18 0.006157765999887488
31 40819 47563 1941474097 80 0.02327390200116497
31 40993 41491 1700840563 71 0.011619647999395966
31 41183 43573 1794466859 92 0.017354926001644344
31 41183 47609 1960681447 19 0.013803247000396368
31 41953 42089 1765759817 83 0.015848136999920825
31 42533 44563 1895398079 35 0.008408090001466917
31 42787 45823 1960628701 57 0.011045070999898599
31 42839 46327 1984602353 25 0.0049719220005499665
31 43291 43661 1890128351 26 0.011246175001360825
31 44389 45589 2023650121 66 0.02466196699970169
31 44887 46751 2098512137 1 0.009286749998864252
31 45127 46027 2077060429 43 0.007409973000903847
32 32887 100733 3312806171 77 0.020746252001117682
32 32939 73453 2419468367 53 0.01334015499924135
32 33073 87559 2895838807 92 0.026956128000165336
32 33151 69677 2309862227 28 0.018418878000375116
32 33181 104659 3472690279 73 0.00895825500083447
32 33317 74317 2476019489 71 0.030315768000946264
32 33601 80651 2709954251 62 0.15545625599952473
32 34159 101209 3457198231 17 0.031924621000143816
32 34631 123269 4268928739 58 0.03401820599901839
32 34819 97301 3387923519 92 0.04806595799891511
32 34847 90971 3170066437 19 0.02398059799998009
32 34981 78713 2753459453 66 0.02009365699996124
32 35729 110923 3963167867 65 0.019799046000116505
32 35993 73327 2639258711 7 0.031513863999862224
32 36011 113159 4074968749 85 0.02909628499946848
32 36151 69557 2514555107 29 0.021899338000366697
32 36583 76631 2803391873 42 0.024399873000220396
32 36943 82571 3050420453 83 0.03828166299899749
32 37019 85103 3150427957 58 0.014411395999559318
32 37123 98773 3666750079 27 0.02308000099947094
32 37139 82721 3072175219 17 0.045771430000968394
32 37799 108803 4112644597 88 0.020987337000406114
32 37967 97463 3700377721 75 0.005859987999428995
32 38177 103177 3938988329 52 0.03643267700135766
32 38183 106019 4048123477 21 0.00888687700171431
32 38791 62659 2430605269 36 0.0353515820006578
32 39043 56299 2198081857 83 0.050567258998853504
32 39043 89897 3509848571 41 0.09134717599954456
32 39163 68209 2671269067 64 0.010368375000325614
32 39163 83873 3284718299 66 0.021125999999640044
32 39191 98387 3855884917 44 0.018599404998894897
32 39671 61231 2429095001 95 0.012242504999449011
32 39769 97213 3866063797 20 0.03923969099923852
32 39839 72089 2871953671 85 0.013828592000209028
32 40009 58661 2346967949 74 0.03797030799978529
32 40129 87313 3503783377 69 0.021664966001480934
32 40253 74687 3006375811 60 0.008585719999246066
32 40697 104707 4261260779 24 0.03918165200047952
32 40853 68053 2780169209 56 0.06792689200119639
32 40883 62467 2553838361 43 0.01873070699912205
32 41047 88817 3645671399 63 0.021856544000911526
32 41491 90911 3771988301 89 0.015037437000501086
32 41593 59659 2481396787 22 0.00968928000111191
32 41627 60899 2535042673 79 0.005948201000137487
32 41737 79411 3314376907 47 0.03865446800045902
32 41813 57041 2385055333 97 0.030932110999856377
32 42403 68059 2885905777 14 0.015304061000279034
32 42509 81553 3466736477 100 0.08259040799930517
32 42533 78697 3347219501 33 0.05459858100039128
32 42821 76561 3278418581 28 0.010259724000206916
32 43013 71777 3087344101 2 0.08150953199947253
32 43051 72977 3141732827 20 0.00738705299954745
32 43541 56299 2451314759 26 0.012418629999956465
32 43573 72869 3175120937 24 0.03062358599891013
32 44071 78707 3468696197 46 0.028364448000502307
32 44189 77647 3431143283 15 0.041957643999921856
32 44201 56099 2479631899 93 0.07379412799855345
32 45013 73181 3294096353 59 0.008638853996671969
32 45247 61331 2775043757 16 0.04092059499816969
32 45263 87337 3953134631 59 0.0542778310009453
32 45289 67369 3051074641 10 0.01963810800225474
32 45337 75583 3426706471 86 0.023763691999192815
32 45641 58631 2675977471 67 0.01262399799816194
32 46199 72559 3352153241 6 0.011766812000132632
32 47441 76679 3637728439 45 0.08968834999905084
32 47701 49367 2354855267 90 0.024651389998325612
32 47791 89087 4257556817 11 0.01442175499687437
32 48121 58481 2814164201 17 0.07785110999975586
32 48187 77933 3755357471 98 0.034561858999950346
32 48857 50539 2469183923 29 0.010734982999565545
32 49123 81839 4020177197 52 0.020322934000432724
32 49459 50923 2518600657 56 0.011015959000360454
32 49459 82567 4083681253 34 0.046536365000065416
32 49537 60449 2994462113 70 0.04130323999925167
32 49613 65837 3266371081 24 0.012650792999920668
32 49807 60343 3005503801 74 0.006886227998620598
32 50047 72977 3652279919 4 0.016938377000769833
32 50341 50891 2561903831 75 0.05068516000028467
32 50587 82729 4185011923 50 0.00654530600149883
32 50857 61493 3127349501 76 0.021383044000685913
32 50873 77747 3955223131 69 0.004990280001948122
32 50893 83389 4243916377 38 0.05259031199966557
32 51241 73291 3755504131 51 0.05884735000290675
32 51503 62143 3200550929 18 0.017347782999422634
32 51581 65003 3352919743 74 0.02738087600300787
32 52147 57901 3019363447 35 0.008772285000304691
32 52369 64333 3369054877 95 0.01179285299804178
32 52967 64067 3393436789 64 0.005413621001935098
32 53087 58937 3128788519 76 0.011419860999012599
32 54941 67523 3709781143 45 0.040319151998119196
32 55147 56597 3121154759 49 0.009284706000471488
32 56123 66137 3711806851 80 0.010620637996908044
32 57527 58417 3360554759 74 0.027494087000377476
32 57947 66067 3828384449 47 0.042943196996930055
32 58363 64439 3760853357 89 0.01328470799853676
32 60037 63809 3830900933 13 0.030243041001085658
32 60397 65809 3974666173 34 0.014402591001271503
32 61027 65617 4004408659 71 0.10622048799996264
32 61837 64577 3993247949 21 0.03497398599938606
32 61871 65479 4051251209 81 0.03196560300057172
33 36847 130927 4824267169 15 0.010653187000571052
33 37423 128021 4790929883 40 0.011190425000677351
33 38219 115327 4407682613 57 0.01076126499901875
33 38371 115571 4434574841 22 0.05595809999795165
33 39023 124909 4874323907 78 0.038253530001384206
33 39163 111317 4359507671 24 0.016375641000195174
33 39541 119489 4724714549 65 0.004610745003446937
33 40883 126001 5151298883 17 0.043342806999135064
33 42697 102701 4385024597 31 0.044810158000473166
33 42839 127609 5466641951 18 0.0051477220004017
33 43853 109943 4821330379 71 0.026967450998199638
33 43987 115769 5092331003 9 0.041308070001832675
33 44053 112153 4940676109 38 0.01977663300203858
33 44879 110183 4944902857 49 0.01119242799904896
33 46817 101839 4767796463 25 0.02117753300262848
33 47543 113117 5377921531 95 0.01431613400200149
33 47917 101293 4853656681 27 0.01218441400123993
33 48563 103889 5045161507 64 0.05560700400019414
33 49121 130829 6426451309 82 0.006325547998130787
33 49559 114319 5665535321 100 0.03562176299965358
33 49711 129919 6458403409 62 0.0063192419984261505
33 49787 112339 5593021793 4 0.021885509999265196
33 49807 127583 6354526481 86 0.019947574997786433
33 50497 100913 5095803761 45 0.0459408330025326
33 51193 113149 5792436757 77 0.021650815000612056
33 52051 85601 4455617651 85 0.03045493500030716
33 52387 95467 5001229729 85 0.009407313002157025
33 53569 110951 5943534119 78 0.030744335999770556
33 53923 128591 6934012493 23 0.01402756600145949
33 54083 98873 5347348459 83 0.028857910001534037
33 54367 100357 5456109019 94 0.0448544419996324
33 54493 119069 6488427017 81 0.01925466700049583
33 54667 81677 4465036559 73 0.07996528999865404
33 54673 95063 5197379399 38 0.013472896000166656
33 54751 126323 6916310573 90 0.006143608999991557
33 55207 123863 6838104641 96 0.009636659000534564
33 56113 98251 5513158363 97 0.08216281699787942
33 56443 103231 5826667333 1 0.041815032996964874
33 57367 78017 4475601239 56 0.05299324699808494
33 58427 100459 5869517993 79 0.027749305998440832
33 58439 111857 6536811223 83 0.023428890999639407
33 58771 79613 4678935623 67 0.0307633509983134
33 59387 86209 5119693883 2 0.059361512001487426
33 59513 112207 6677775191 92 0.01506390999929863
33 59879 90439 5415396881 38 0.012153455998486606
33 60013 81293 4878636809 75 0.03142464700067649
33 60647 95891 5815501477 40 0.012286847002542345
33 60757 116411 7072783127 31 0.025502905999019276
33 61283 114217 6999560411 60 0.03284406099919579
33 61543 94841 5836799663 79 0.011897504999069497
33 61651 102881 6342716531 74 0.03729210500023328
33 61651 107467 6625448017 69 0.010485089998837793
33 61843 116447 7201431821 70 0.00780758100154344
33 61933 72383 4482896339 27 0.006142362999526085
33 62141 93949 5838084809 74 0.011317873999360017
33 62347 79967 4985702549 62 0.015291324998543132
33 62383 90659 5655580397 6 0.031019817000924377
33 64217 67433 4330344961 7 0.013620342000649543
33 64231 77659 4988115229 53 0.010628518000885379
33 64663 84263 5448698369 23 0.011080856998887612
33 65413 103619 6778029647 29 0.02290389799964032
33 65809 117773 7750523357 36 0.05334065399802057
33 65993 110771 7310110603 48 0.012317540000367444
33 66067 106591 7042147597 79 0.020993840000301134
33 66529 99679 6631544191 82 0.01726213200163329
33 66629 66821 4452216409 44 0.005006739000236848
33 67453 87473 5900316269 73 0.023380240996630164
33 68207 71987 4910017309 27 0.016376214000047185
33 68227 104761 7147528747 15 0.0913088669985882
33 68281 110977 7577620537 85 0.031725395001558354
33 69653 77719 5413361507 96 0.024112822000461165
33 70321 117259 8245770139 52 0.017419203999452293
33 70937 113779 8071140923 44 0.03383891100020264
33 70979 85853 6093760087 25 0.05579321100231027
33 71537 93419 6682915003 60 0.019177540998498444
33 71947 97213 6994183711 76 0.051751923998381244
33 72043 92927 6694739861 91 0.010313065999071114
33 73433 79259 5820226147 68 0.015896177999820793
33 73571 108869 8009601199 40 0.017005891000735573
33 73597 91801 6756278197 80 0.040397755001322366
33 73999 94219 6972111781 19 0.027333613998052897
33 75289 97453 7337138917 50 0.03449052499854588
33 75983 84499 6420487517 51 0.01721888999963994
33 76003 84719 6438898157 98 0.009976943001674954
33 76847 81463 6260187161 90 0.05014750700138393
33 77269 84319 6515244811 20 0.005280672998196678
33 77489 106103 8221815367 63 0.0190572270003031
33 77587 86131 6682645897 12 0.029211940000095638
33 78137 86077 6725798549 1 0.01855529599924921
33 79139 98887 7825818293 85 0.0212756309992983
33 79769 101531 8099026339 14 0.01555971400011913
33 80141 95419 7646974079 21 0.016289259001496248
33 82013 87973 7214929649 60 0.014677541999844834
33 82231 85361 7019320391 100 0.024051691998465685
33 82591 87383 7217049353 95 0.008503809000103502
33 83431 85661 7146782891 53 0.013638139000249794
33 84631 90679 7674254449 52 0.029882139999244828
33 84871 92683 7866098893 53 0.024127865002810722
33 88069 94397 8313449393 23 0.05015405499943881
33 89459 93901 8400289559 72 0.015537965999101289
34 65587 251561 16499131307 54 0.040906517999246716
34 66083 233183 15409432189 73 0.10507700399830355
34 66301 154501 10243570801 59 0.01918131300044479
34 66751 238031 15888807281 9 0.033714065997628495
34 66931 205847 13777545557 97 0.1304088379984023
34 67181 151901 10204861081 5 0.01577665200238698
34 67213 227977 15323018101 17 0.09953129299901775
34 67547 131101 8855479247 9 0.006340148000163026
34 67939 154211 10476941129 39 0.10873857399928966
34 68737 182593 12550895041 55 0.17270825800005696
34 68947 141619 9764205193 53 0.2904128160007531
34 69911 155719 10886471009 34 0.07259939399955329
34 70207 131311 9218951377 15 0.00885977100188029
34 70271 185467 13032951557 33 0.0063827279991528485
34 70571 231041 16304794411 46 0.028817054997489322
34 70949 168677 11967464473 1 0.08058736600287375
34 71263 166081 11835430303 40 0.04640554800062091
34 71437 221401 15816223237 23 0.06187249900176539
34 71821 233509 16770849889 5 0.008022912999877008
34 72379 166189 12028593631 96 0.007535028998972848
34 72559 127973 9285592907 100 0.040458493000187445
34 72739 170327 12389415653 46 0.06155452100210823
34 73019 168227 12283767313 2 0.026188263000221923
34 73607 177481 13063843967 35 0.04087672300011036
34 73727 150967 11130344009 60 0.009754889000760159
34 74357 151561 11269621277 38 0.1103766030028055
34 74861 185831 13911494491 37 0.01828099399790517
34 74887 184447 13812682489 68 0.025384649001352955
34 74923 134353 10066129819 75 0.01505807000285131
34 75703 153641 11631084623 54 0.08312624799873447
34 76603 180097 13795970491 39 0.012748056000418728
34 77267 120233 9290043211 44 0.055922553001437336
34 77267 204797 15824049799 91 0.040330439998797374
34 77359 186283 14410666597 93 0.07136003599953256
34 77801 152461 11861618261 49 0.05513338099990506
34 78283 208309 16307053447 14 0.09806538599877967
34 79601 214141 17045837741 75 0.03774326500206371
34 80897 199373 16128677581 8 0.046958189999713795
34 80929 173209 14017631161 89 0.12379614000019501
34 81049 121157 9819653693 12 0.008270613998320187
34 81331 126491 10287639521 39 0.05393088100026944
34 81439 145069 11814274291 99 0.012489165001170477
34 81703 155461 12701630083 18 0.14115155300169135
34 82307 159707 13145004049 40 0.008623533001809847
34 82471 160033 13198081543 26 0.030431323997618165
34 82493 117977 9732276661 16 0.00870341499830829
34 83117 123049 10227463733 40 0.03452537600242067
34 83203 158261 13167789983 28 0.09510151499853237
34 84431 103561 8743758791 25 0.05850127199664712
34 84761 130147 11031389867 42 0.015803230002347846
34 84967 128393 10909168031 6 0.012954207999428036
34 85243 126757 10805146951 64 0.020333855001808843
34 85571 137849 11795876779 60 0.10817297900211997
34 88817 124171 11028495707 34 0.04244430399921839
34 89867 154127 13850931109 37 0.026127558001462603
34 89867 164431 14776920677 76 0.09047947299768566
34 90599 100673 9120873127 26 0.05663560600078199
34 90631 123059 11152960229 42 0.01980714000092121
34 90793 121531 11034164083 99 0.02335870699971565
34 90847 170497 15489140959 93 0.19351979799830588
34 90907 145601 13236150107 37 0.05954620400007116
34 91081 160877 14652838037 81 0.10232318500129622
34 91309 126823 11580081307 69 0.014558585997292539
34 91433 156899 14345746267 77 0.07515421800053446
34 91753 152567 13998479951 13 0.06688579199908418
34 91943 99709 9167544587 67 0.037883715998759726
34 92189 158573 14618686297 46 0.014277549998951145
34 92461 171439 15851421379 28 0.11195239700100501
34 92593 146777 13590522761 23 0.05098193899902981
34 93529 150967 14119792543 29 0.021992039000906516
34 93703 133321 12492577663 42 0.022033405999536626
34 94597 155137 14675494789 2 0.1833565940032713
34 94723 115613 10951210199 61 0.05017338100151392
34 95003 120847 11480827541 12 0.034280959000170697
34 95063 170299 16189133837 36 0.027367637005227152
34 95191 109913 10462728383 19 0.018328480997297447
34 96001 111829 10735695829 72 0.04131169299944304
34 96263 160001 15402176263 90 0.04050470599759137
34 97303 167269 16275775507 15 0.0808921450006892
34 97849 105137 10287550313 86 0.030727624995051883
34 98101 132383 12986904683 66 0.06707702400308335
34 98227 137507 13506900089 73 0.053231564997986425
34 98939 137363 13590557857 81 0.0665025490015978
34 100297 153077 15353163869 19 0.08531744300125865
34 103141 115637 11926915817 95 0.05886667199956719
34 103903 154643 16067871629 10 0.15749282499746187
34 104047 108863 11326868561 61 0.006915312995261047
34 104701 112459 11774569759 44 0.040191056999901775
34 108089 130783 14136203687 25 0.022851420006190892
34 109049 131779 14370368171 36 0.023749536005198024
34 109363 154073 16849885499 76 0.06559263100643875
34 109751 120721 13249250471 75 0.060275420000834856
34 113749 149717 17030159033 49 0.05073675900348462
34 114553 134263 15380229439 63 0.03124457100057043
34 117503 135389 15908613667 70 0.023972337003215216
34 118901 132851 15796116751 2 0.013890024994907435
34 119233 126097 15034923601 37 0.020162635002634488
34 124153 133153 16531344409 94 0.20359188500151504
34 125821 132367 16654548307 39 0.016039596004702616
34 130279 130483 16999194757 4 0.02092268400156172
35 69847 262079 18305431913 21 0.010718114004703239
35 73637 255947 18847169239 11 0.05846580200159224
35 73643 260171 19159772953 55 0.030602302998886444
35 75937 228421 17345605477 96 0.023998915996344294
35 76961 258691 19909118051 20 0.13432432200352196
35 77383 238079 18423267257 5 0.011304817999189254
35 80363 214733 17256588079 6 0.0480191000024206
35 81331 218987 17810431697 16 0.03473458499502158
35 81707 230507 18834035449 23 0.10024575900024502
35 82007 261281 21426870967 39 0.017416967995814048
35 82457 231109 19056554813 83 0.14584030999685638
35 82487 232459 19174845533 38 0.019457148999208584
35 83077 228793 19007436061 63 0.054030192994105164
35 83101 233939 19440564839 95 0.12081500999920536
35 84731 254537 21567174547 8 0.029708654998103157
35 87013 249143 21678679859 53 0.024503902001015376
35 87557 245561 21500584477 37 0.17662244900566293
35 87701 259009 22715348309 100 0.05810304199985694
35 88211 229693 20261449223 27 0.07374510299996473
35 90947 191677 17432448119 94 0.030833914002869278
35 91079 250979 22858916341 11 0.03757762500026729
35 93407 224473 20967349511 21 0.03559689399844501
35 93419 217429 20311999751 2 0.017926001994055696
35 96763 207443 20072807009 73 0.03213187900109915
35 97553 203821 19883350013 22 0.05717129299591761
35 97871 181523 17765837533 67 0.030890280002495274
35 98639 250451 24704236189 66 0.026947343001666013
35 99173 256651 25452849623 38 0.009518025995930657
35 102217 205171 20971964107 84 0.08907795300183352
35 102913 201037 20689320781 32 0.04494994900596794
35 102913 203969 20991061697 22 0.12088588399637956
35 103979 171007 17781136853 91 0.021917373000178486
35 104087 182681 19014717247 17 0.022734718004358
35 104369 187081 19525456889 28 0.06757377400208497
35 107183 189151 20273771633 66 0.030977909002103843
35 107747 242393 26117118571 99 0.04561203599587316
35 109471 202751 22195354721 67 0.013208393997047096
35 109517 255313 27961113821 31 0.12125985400052741
35 111317 207833 23135346061 56 0.03137006999895675
35 111751 181721 20307503471 68 0.03940679100196576
35 112289 199909 22447581701 32 0.09883645700028865
35 112501 177209 19936189709 56 0.016757955003413372
35 113117 176261 19938115537 52 0.026863510996918194
35 114203 211943 24204526429 87 0.02732476500386838
35 114299 249367 28502398733 83 0.01765363499725936
35 117877 210101 24766075577 73 0.08597478100273293
35 118571 152311 18059667581 74 0.060050457999750506
35 118903 170707 20297574421 28 0.11660716799815418
35 120277 226099 27194509423 10 0.16530516499915393
35 120647 179593 21667356671 1 0.01831703700008802
35 121229 247001 29943684229 89 0.05205898100393824
35 121453 160907 19542637871 85 0.05216809800185729
35 122743 222127 27264534361 81 0.017681040000752546
35 123379 164839 20337670981 43 0.04388029700203333
35 123787 232633 28796941171 27 0.030255755998950917
35 124171 171707 21321029897 65 0.12113151400262723
35 124739 199403 24873330817 15 0.12392326800181763
35 124951 251219 31390065269 99 0.01530675899994094
35 125017 165479 20687688143 30 0.024109510995913297
35 125117 259991 32529293947 73 0.028935725000337698
35 125329 156733 19643190157 10 0.07525208900187863
35 126211 239383 30212767813 16 0.009451177997107152
35 126337 226313 28591705481 50 0.01450703800219344
35 126443 231079 29218321997 37 0.04192989899456734
35 126923 260713 33090476099 73 0.05566469299810706
35 127219 247249 31454770531 88 0.013576776000263635
35 128119 212633 27242327327 61 0.053889940994849894
35 128563 242533 31180770079 70 0.029229712999949697
35 129229 243301 31441544929 75 0.023619851999683306
35 129401 144719 18726783319 22 0.04152333900128724
35 129803 136993 17782102379 58 0.15787441300199134
35 130099 195809 25474555091 37 0.03668517500045709
35 131009 250721 32846707489 3 0.041942399002437014
35 134731 169777 22874224987 68 0.2737140560057014
35 134887 156719 21139355753 49 0.08061155600444181
35 134951 190837 25753643987 30 0.04345027499948628
35 136067 139969 19045161923 34 0.051199852001445834
35 137183 172993 23731698719 99 0.05795372500142548
35 139609 149497 20871126673 65 0.06401766099588713
35 142939 221603 31675711217 97 0.022057371999835595
35 143261 183059 26225215399 81 0.04886066999461036
35 144701 184369 26678378669 65 0.011880557001859415
35 146309 196871 28803999139 68 0.049844249995658174
35 146849 151121 22191967729 34 0.22136674599460093
35 147163 156887 23087961581 10 0.04380834200128447
35 148139 210247 31145780333 23 0.02004575199680403
35 148927 166987 24868872949 65 0.023358498001471162
35 149921 207061 31042792181 23 0.04410863700468326
35 150551 208283 31357213933 57 0.06258403199899476
35 151241 175993 26617357313 84 0.09203272600279888
35 151343 186113 28166899759 7 0.07003046799945878
35 151703 179657 27254505871 49 0.03331289299967466
35 151769 170749 25914404981 53 0.03474678799830144
35 154883 182587 28279622321 41 0.057958362995123025
35 155381 165083 25650761623 20 0.045524994005972985
35 155893 160117 24961119481 2 0.010097218997543678
35 160073 173053 27701112869 69 0.0780221419990994
35 160169 170207 27261884983 68 0.07792287500342354
35 168601 179233 30218863033 34 0.18662835699797142
35 174257 179903 31349357071 89 0.02239630699477857
36 131249 484327 63567434423 62 0.05422144600015599
36 131561 404513 53218134793 55 0.33924872599891387
36 131759 449921 59281141039 51 0.08949374000076205
36 132961 410411 54568656971 43 0.07943706600053702
36 133073 290621 38673808333 87 0.3083451900020009
36 133451 487381 65041481831 30 0.15298658000392606
36 134471 433117 58241676107 3 0.006667805995675735
36 134789 418289 56380756021 9 0.1763663519959664
36 135701 503717 68354900617 53 0.04462185600277735
36 136193 402869 54867937717 9 0.18875679500342812
36 136277 499637 68089031449 39 0.04241908800031524
36 136361 319811 43609747771 47 0.4299400600066292
36 137191 422249 57928762559 76 0.3767052980037988
36 140009 396031 55447904279 69 0.18925663299887674
36 140143 485647 68060027521 90 0.05924102900462458
36 142057 476087 67631490959 52 0.23269007499766303
36 143111 321301 45981707411 92 0.11551939299533842
36 144073 340283 49025592659 26 0.10960922499361914
36 144161 307423 44318407103 59 0.16533864800294396
36 144709 335411 48536990399 74 0.4504492609994486
36 145361 441479 64173828919 76 0.08071748599468265
36 145679 254279 37043110441 56 0.0700300899989088
36 148091 427913 63370064083 6 0.14593695300573017
36 148633 361843 53781810619 59 0.03656835900619626
36 148691 294337 43765262867 72 0.011528833005286288
36 148991 260959 38880542369 90 0.015907513996353373
36 149033 252319 37603857527 25 0.04318014700402273
36 149519 322627 48238866413 45 0.2570587060035905
36 149561 392593 58716601673 91 0.07331173599959584
36 151673 412073 62500348129 78 0.15677043500181753
36 154291 313129 48312986539 82 0.330250357001205
36 155443 434927 67606357661 12 0.006764737998310011
36 156307 415963 65017928641 57 0.19137874300213298
36 157321 289319 45515954399 28 0.2556146520000766
36 157457 371669 58521885733 100 0.01496075899922289
36 157679 429851 67778475829 79 0.17250474500178825
36 158371 308663 48883267973 66 0.2799391739972634
36 160009 425291 68050387619 100 0.2333513089979533
36 160367 399769 64109755223 82 0.022806644999946002
36 161123 400429 64518321767 25 0.2433604550024029
36 161683 277301 44834857583 6 0.027309122000588104
36 162119 350213 56776181347 86 0.08321562700439245
36 162529 271003 44045846587 40 0.15267204499832587
36 162881 282313 45983423753 5 0.056327676997170784
36 163307 292933 47838009431 16 0.11665228200581623
36 166781 369647 61650096307 81 0.02073731899872655
36 166849 247391 41276940959 47 0.06484092300524935
36 168089 285709 48024540101 65 0.20756862499547424
36 168409 217717 36665502253 65 0.1534910519985715
36 169627 378439 64193472253 56 0.22509179700136883
36 169919 398303 67679247457 5 0.014115060002950486
36 170887 251197 42926301739 27 0.02199484599987045
36 171179 328777 56279718083 65 0.09352117399976123
36 171889 345817 59442138313 90 0.06612484699871857
36 172999 352097 60912428903 55 0.09136881300219102
36 173347 305857 53019393379 48 0.5308265069979825
36 173993 312311 54339927823 9 0.1338154279947048
36 174673 379319 66256787687 81 0.2126840440032538
36 176089 253423 44625002647 67 0.06284045500069624
36 176321 240853 42467441813 93 0.1415158839954529
36 176357 362339 63901019023 10 0.17874038599984488
36 176777 365537 64618534249 13 0.3451293850012007
36 176923 270379 47836263817 69 0.26921212900197133
36 177433 318377 56490586241 65 0.06725186000403482
36 177883 215953 38414367499 74 0.06740083600016078
36 177949 254929 45364360621 89 0.02160262699908344
36 178103 195787 34870252061 62 0.12241062099928968
36 180361 298777 53887718497 78 0.10558008299994981
36 180679 259691 46920710189 82 0.034864486995502375
36 181889 234007 42563299223 56 0.03419833200314315
36 183587 298373 54777403951 16 0.7906813290028367
36 184903 228197 42194309891 26 0.05630875600036234
36 185099 370661 68608980439 11 0.05647910200059414
36 187349 214561 40197788789 100 0.05691008800204145
36 187361 246319 46150574159 18 0.037940112000796944
36 189473 246713 46745452249 44 0.030736018998140935
36 189743 267863 50825129209 42 0.14880673000152456
36 192103 282559 54280431577 19 0.3250149820014485
36 194269 295007 57310714883 94 0.15306728400173597
36 195341 215297 42056331277 83 0.06128567599807866
36 195359 322271 62958540289 49 0.045618745003594086
36 195407 345953 67601637871 22 0.21236674900137587
36 198013 259949 51473281337 100 0.03628450100222835
36 199933 279709 55923059497 72 0.15901268200104823
36 203869 228509 46585901321 14 0.05339590000221506
36 205703 326113 67082422439 44 0.023539389003417455
36 206303 234743 48428185129 48 0.026011604997620452
36 209837 290107 60875182559 83 0.052747927999007516
36 210671 227629 47954829059 10 0.025115607997577172
36 211093 300301 63391438993 56 0.06789766500151018
36 211129 280013 59118864677 3 0.039194113996927626
36 216133 226669 48990650977 11 0.06878363299620105
36 216649 297113 64369234337 39 0.11493455099844141
36 217081 235349 51089796269 22 0.0506912389973877
36 219787 294397 64704633439 23 0.09755889700318221
36 222793 306689 68328162377 33 0.17037367000011727
36 225167 246899 55593507133 99 0.08251188899885165
36 235181 241013 56681678353 5 0.04823327300255187
36 242509 257611 62472985999 6 0.08954175100370776
36 252017 265819 66990906923 26 0.13657303800573573
37 140603 514793 72381440179 19 0.10134545999608235
37 143831 483467 69537542077 55 0.05885529000079259
37 155009 495791 76852067119 96 0.10130917399510508
37 159571 454721 72560284691 84 0.0723815290039056
37 165877 506731 84055018087 60 0.07677890500053763
37 170021 404497 68772984437 57 0.07803044599859277
37 173183 429733 74422450139 29 0.027212095003051218
37 173183 464351 80417699233 36 0.029114447999745607
37 176503 396919 70057394257 37 0.04474038800253766
37 176713 417457 73770078841 19 0.131207552003616
37 181751 515839 93754254089 1 0.03166625199810369
37 184553 490453 90514572509 90 0.16443885199987562
37 185177 427423 79148908871 22 0.062122727002133615
37 185359 372443 69035662037 87 0.01949140000215266
37 188273 371417 69927792841 96 0.10120686500158627
37 188563 486869 91805479247 7 0.07025243699899875
37 189223 416011 78718849453 3 0.16602369899919722
37 191749 463231 88824081019 86 0.21744339499855414
37 192239 509867 98016322213 37 0.06692308600031538
37 193513 363829 70405641277 17 0.07785801099817036
37 198427 412949 81940231223 46 0.037043885997263715
37 198571 363541 72188699911 59 0.040431114997772966
37 198959 357563 71140376917 34 0.1970099200043478
37 200351 491707 98513989157 35 0.019622096995590255
37 201589 345673 69683874397 62 0.02543752700148616
37 203843 339341 69172287463 54 0.2602188250020845
37 204487 462437 94562354819 62 0.03103739600192057
37 205399 381791 78419489609 67 0.08404826900368789
37 205417 479569 98511625273 62 0.058457780003664084
37 205589 489457 100626975173 88 0.07031593099964084
37 208231 343411 71508815941 23 0.011719234003976453
37 210229 471533 99129911057 13 0.03698921100294683
37 210599 386537 81404305663 49 0.030528186995070428
37 211333 506873 107118991709 95 0.18561539700021967
37 214009 334897 71670972073 46 0.35069530199689325
37 214691 508727 109219108357 15 0.02077637700131163
37 215471 434689 93662873519 76 0.38279927199619124
37 216841 399499 86627762659 77 0.2496692360000452
37 219889 337219 74150748691 98 0.20009944500634447
37 220919 333299 73632081781 12 0.024261817001388408
37 222713 336983 75050494879 50 0.06360466499609174
37 223637 398921 89213495677 58 0.0771800849979627
37 224153 364349 81669921397 28 0.18153468800301198
37 225871 494381 111666330851 12 0.017274593003094196
37 226241 368957 83473200637 19 0.30278833099873737
37 231289 511559 118317969551 84 0.0932189740051399
37 233071 310567 72384161257 97 0.054935266001848504
37 233911 331523 77546876453 82 0.21534342799714068
37 236287 352333 83251707571 39 0.2094457510029315
37 237487 473719 112502104153 96 0.012030445999698713
37 238471 387791 92476907561 28 0.012603054005012382
37 240587 288907 69507268409 20 0.09280281200335594
37 240893 364271 87750334003 61 0.07166497800062643
37 241271 304981 73583070851 18 0.036567788003594615
37 242659 366683 88978930097 69 0.06439288499677787
37 243109 506173 123055211857 39 0.09124835099646589
37 243623 327923 79889585029 6 0.07855292499880306
37 243707 291791 71111509237 89 0.03669438799988711
37 246329 289511 71314955119 62 0.20782590000453638
37 246979 386977 95575192483 36 0.08303734299988719
37 251081 374893 94128509333 59 0.058198459999402985
37 251707 311419 78386342233 20 0.06218946100125322
37 253417 468893 118825457381 67 0.04972788199665956
37 253909 333449 84665702141 59 0.0496644219965674
37 254987 388621 99093302927 33 0.052995005004049744
37 260047 347993 90494535671 28 0.10111653599597048
37 261229 300397 78472407913 4 0.06947800600028131
37 261721 498761 130536227681 16 0.030803100002231076
37 262187 291649 76466576363 14 0.37021946299500996
37 263957 457547 120772733479 27 0.038810362995718606
37 267763 434437 116326154431 52 0.2505119069974171
37 269341 342691 92300736631 39 0.0825200000035693
37 270761 294053 79618084333 79 0.11352299400459742
37 271451 465209 126281448259 69 0.06523724699945888
37 273803 338369 92646447307 22 0.09210489500401309
37 273857 497711 136301641327 29 0.052135886005999055
37 274693 494471 135827722403 54 0.1640707679980551
37 277639 482281 133900014559 84 0.20892041199840605
37 278809 438133 122155423597 83 0.24294994399679126
37 279553 383611 107239605883 14 0.2662482599989744
37 281357 317693 89385149401 90 0.02759384200180648
37 282143 286619 80867544517 26 0.05037949099641992
37 282767 398471 112674449257 85 0.4748193080013152
37 284423 440941 125413762043 40 0.10574209699552739
37 284741 404291 115118223631 69 0.06801467399782268
37 286421 417181 119489399201 65 0.05320198700064793
37 289511 323567 93676205737 42 0.024533030999009497
37 292267 348209 101769999803 32 0.026014098002633546
37 297133 436741 129770163553 7 0.28879162699740846
37 297809 350029 104241786461 26 0.14358365500083892
37 299857 303689 91063272473 9 0.2738677240049583
37 301319 445363 134196333797 4 0.03542626799753634
37 303089 389981 118198951309 83 0.0516645370007609
37 306209 430981 131970261029 96 0.09215734600002179
37 306853 358931 110139054143 43 0.04357152800366748
37 312353 425149 132796565597 22 0.05866973400407005
37 316423 331259 104817966557 24 0.17231725299643585
37 323879 383729 124281764791 44 0.3016292300017085
37 327251 377123 123413878873 100 0.19544237699301448
37 327277 366347 119896947119 59 0.24699965798936319
38 262153 655069 171728303557 2 0.19914934899134096
38 262193 635147 166531097371 67 0.16466705199854914
38 263647 626011 165045922117 52 0.1405591490038205
38 265547 778643 206766312721 71 0.4875798449938884
38 266417 906263 241443869671 76 0.04781315999571234
38 268813 627059 168561610967 94 0.053446966005139984
38 272417 649093 176823967781 74 0.3700148300122237
38 275059 921169 253375823971 5 0.05860896500234958
38 281063 858101 241180441363 47 0.039804265994462185
38 282913 780851 220912898963 6 1.0114974769967375
38 283501 917771 260188996271 98 0.07442278300004546
38 284293 612217 174049007581 29 0.4318488100107061
38 284467 483629 137576490743 47 0.22968798301008064
38 285553 715903 204428249359 23 0.1100102339987643
38 286063 729947 208810828661 64 0.03188365499954671
38 288853 490223 141602384219 25 0.07091432099696249
38 290347 887701 257741322247 12 0.7843044590117643
38 290531 482971 140318047601 27 0.0983092959941132
38 291833 580183 169316545439 97 0.04501717700622976
38 292471 648211 189582919381 14 0.0716195960121695
38 293803 531571 156177154513 33 0.02664054901106283
38 294131 685109 201511795279 66 0.08303360200079624
38 297191 924683 274807465453 13 0.17548325800453313
38 299617 811273 243071182441 98 1.5127542080008425
38 300787 567811 170790167257 99 0.5762898770044558
38 301531 781987 235793322097 90 0.052314960994408466
38 302507 670349 202785264943 19 0.1531675509904744
38 304009 695477 211431267293 39 0.6658756639953936
38 304847 894139 272575591733 13 0.12165116099640727
38 305743 662773 202638205339 13 0.15764193200448062
38 307163 711817 218643845171 57 0.06184626600588672
38 310553 666983 207133571599 69 0.24699033799697645
38 312841 526271 164639145911 75 0.11276899599761236
38 313241 605879 189786143839 69 0.41031178999401163
38 313351 809843 253765113893 29 0.05590957700042054
38 316037 602647 190458749939 37 0.19977001499501057
38 322271 615289 198289801319 72 0.07682299200678244
38 327401 763649 250019446249 76 0.06961021000461187
38 331537 586153 194331407161 2 0.17759080800169613
38 331651 429547 142459692097 38 0.07932594299199991
38 335809 431141 144781028069 66 0.25933202999294735
38 336113 571673 192146727049 77 0.19156661500164773
38 341141 695677 237323947457 13 0.24309006999828853
38 344171 773561 266237262931 6 0.019909423994249664
38 344429 635507 218887040503 1 0.1393360040092375
38 344543 779477 268563344011 73 0.4698199550039135
38 347513 753373 261806911349 69 0.22459424700355157
38 351851 572461 201420975311 52 0.08086505098617636
38 353021 463093 163481553953 72 0.057395302996155806
38 353711 768931 271979352941 96 0.15107645299576689
38 354883 452983 160755965989 7 0.15450132300611585
38 356333 398423 141971262859 50 0.009798733997740783
38 358591 710459 254764203269 47 0.07431635299872141
38 363403 704801 256126797803 57 0.16509347899409477
38 367273 580969 213374227537 78 0.20483130200591404
38 371383 611297 227025313751 80 0.07432385500578675
38 373207 625103 233292815321 87 0.017826711991801858
38 373943 414577 155028167111 5 0.25428836200444493
38 374501 466283 174623449783 82 0.07974301801004913
38 375931 679909 255598870279 88 0.06577233300777152
38 376853 427681 161172867893 9 0.33234457700746134
38 377633 395261 149263597213 63 0.04243564300122671
38 377761 705781 266616536341 34 0.30592237701057456
38 378289 630677 238578171653 67 0.21998851100215688
38 380917 586121 223263452957 14 0.331374527013395
38 381673 472249 180244692577 54 0.27006898599211127
38 382363 552523 211264351849 87 0.11453984599211253
38 382919 506479 193940432201 79 0.020193877993733622
38 383051 443123 169738708273 9 0.022720092005329207
38 384599 497999 191529917401 53 0.14234405700699426
38 386537 465293 179852960341 90 0.1921779719996266
38 387197 484609 187639150973 3 0.3531406109977979
38 391441 528197 206757961877 65 0.8880816010059789
38 392263 670577 263042545751 34 0.5044959730003029
38 392981 557521 219095160101 41 0.23069289499835577
38 392983 588151 231133344433 13 0.12875779799651355
38 393073 448829 176422561517 14 0.018058807007037103
38 395959 556693 220427603587 25 0.27696204200037755
38 398989 470021 187533208769 76 0.19962920199031942
38 401101 662897 265888649597 35 0.20393602100375574
38 406561 623563 253516396843 34 0.1318757280096179
38 409349 437137 178941593813 95 0.2656521699973382
38 409579 552821 226423872359 55 0.05379691599227954
38 417577 583981 243857034037 17 0.0644597549980972
38 417793 449347 187734031171 42 0.3724283049959922
38 417811 587659 245530394449 75 0.47799168799247127
38 418339 468133 195838291087 60 0.2747601779992692
38 422183 577613 243858389179 51 0.20529658200393897
38 423347 433549 183541668503 51 0.09644725000543986
38 425417 603563 256765960771 59 0.26671102999534924
38 444967 594857 264691734719 69 0.4843679680052446
38 454277 528433 240054957941 92 0.7511453820043243
38 454679 490921 223211469359 92 0.21653224399778992
38 459127 507371 232947725117 93 0.05505166000511963
38 464213 590813 274263075169 34 0.06302373399375938
38 477677 559451 267236875327 85 0.04540739698859397
38 481549 553279 266430949171 1 0.10487058501166757
38 482767 491651 237352878317 91 0.2875268720090389
38 493301 504937 249085927037 25 0.07476545400277246
38 514841 516871 266106382511 95 0.03488445199036505
39 271003 1047173 283787024519 46 0.0907675929920515
39 307147 1031761 316902295867 26 0.12156256199523341
39 311561 914491 284919730451 6 0.4106992479937617
39 315671 922261 291131052131 42 0.4834247620019596
39 320053 1033661 330826304033 99 0.2136921349883778
39 328787 845983 278148212621 28 0.07255468099901918
39 334031 841879 281213684249 41 0.0857817540090764
39 337853 882157 298039388921 51 0.016983993991743773
39 340079 969763 329796031277 2 0.10100440299720503
39 344479 936619 322645576501 21 0.01808079499460291
39 346369 912497 316060673393 81 0.868073555000592
39 348949 985819 344000554231 37 0.62770413699036
39 354839 922069 327186041891 31 0.09124550799606368
39 356869 954677 340694626313 73 0.2282941209996352
39 362801 764249 277270301449 80 0.20126856400747783
39 364373 834913 304219754549 94 0.16898545100411866
39 370199 971759 359744210041 66 0.15518972200516146
39 371981 813343 302548142483 21 0.14997207699343562
39 381167 865639 329953020713 22 0.03791530900343787
39 383681 961151 368775376831 26 0.026907696010312065
39 388373 860791 334307983043 43 0.08894573499856051
39 390821 868451 339408888271 67 0.3604211990023032
39 392279 749587 294047238773 79 0.09438334699370898
39 392297 910627 357236240219 100 0.23867373500252143
39 392723 1012507 397634786561 41 0.2184989730012603
39 408413 767537 313472088781 18 0.36556737900536973
39 411233 675109 277627099397 37 0.2901704519899795
39 411707 887171 365254510897 48 0.6147092360042734
39 412663 696719 287510152697 34 0.18044817000918556
39 415879 790897 328917453463 23 0.25185043600504287
39 417187 754861 314918196007 6 0.24041778700484429
39 430979 915589 394599631631 90 0.31849994299409445
39 432001 664067 286877608067 20 0.32280786499904934
39 447019 696679 311428749901 61 0.07951638200029265
39 447233 881597 394279271101 48 0.10568596400844399
39 450311 719699 324088376389 74 0.05103783200320322
39 450881 1021253 460463573893 34 0.12076205199991819
39 455659 1014061 462066021199 92 0.022047781996661797
39 456517 950071 433723562707 53 0.04227231099503115
39 460561 876817 403827714337 93 0.504637152000214
39 461921 845833 390708025193 4 0.30532754099112935
39 474433 867509 411574897397 37 0.6104519299988169
39 477991 934487 446676375617 75 0.09017368400236592
39 481619 657193 316516635467 35 0.23805090400855988
39 489677 1038523 508540827071 75 0.09113252900715452
39 491299 965399 474299563301 91 0.17907211500278208
39 493531 1004161 495584582491 9 0.05123250000178814
39 499157 643099 321007367543 67 0.37855893999221735
39 504353 588893 297009951229 2 0.24871617500321008
39 505027 670097 338417077619 81 0.506278975008172
39 511793 882187 451497131291 18 0.09022651899431366
39 511897 974431 498808305607 39 0.11960449999605771
39 511909 979519 501424591771 60 0.03258178800751921
39 514741 835673 430155155693 61 0.10041432200523559
39 518179 655181 339501035399 17 0.18406943399168085
39 519733 929483 483082988039 83 0.15917007300595287
39 521161 825647 430295016167 43 0.1608766179997474
39 523169 638861 334232270509 79 0.09044531799736433
39 525773 651943 342774026939 23 0.3257345589954639
39 528001 546097 288339762097 53 0.34406270099862013
39 532069 726457 386525249533 46 0.2972831819934072
39 532391 536423 285586777393 9 0.1616381819912931
39 533413 892763 476211390119 64 0.18165773499640636
39 534311 858899 458919183589 6 0.3523068170034094
39 536407 870031 466690718617 1 0.02250067298882641
39 544277 602627 327996015679 33 0.7039888700091979
39 546323 922679 504080759317 34 0.030423422998865135
39 546367 829319 453112534073 100 0.12999494699761271
39 547663 959489 525476624207 4 0.24986404599621892
39 548117 658321 360836931557 81 0.25211223600490484
39 551339 727667 401191196113 38 0.040788865997456014
39 551557 887059 489263600863 8 0.2873175029963022
39 562333 610199 343135034267 35 0.1771694469935028
39 568609 577981 328645198429 17 1.0273916000005556
39 569197 902471 513683785787 47 0.009503041001153179
39 570113 603913 344298652169 33 0.18740757899649907
39 570527 912929 520850643583 46 0.17542095699172933
39 582499 835039 486409382461 27 0.19159004600078333
39 584723 818011 478309845953 75 0.43318247799470555
39 588619 802709 472489768871 74 0.08873502700589597
39 592649 738383 437601946567 19 0.3866665359964827
39 600233 875741 525648647653 39 0.13802348299941514
39 603467 837833 505604567011 95 0.45392227500269655
39 604069 663161 400595002109 56 0.07633030001306906
39 607667 831851 505488401617 14 0.24878737100516446
39 608389 641441 390245648549 85 0.5320774440042442
39 608851 722977 440185269427 57 0.1137144419917604
39 611921 672227 411349818067 85 0.5370055809908081
39 613421 723493 443805799553 93 0.11217703900183551
39 617473 829001 511885734473 8 0.27987434600072447
39 620491 653879 405726034589 27 0.11688014501123689
39 621227 679909 422377828343 89 0.04096572499838658
39 628997 723193 454886227421 14 0.8879307089955546
39 634969 648931 412051068139 47 0.10859852000430692
39 639253 659629 421669817137 20 0.1449695550109027
39 648889 665279 431692225031 49 0.08565308300603647
39 660073 810757 535158805261 92 1.0512724369909847
39 668581 753383 503697559523 89 0.07148552899889182
39 673327 773023 520497257521 90 0.11721287399996072
39 702721 756919 531902876599 21 0.35067550600797404
40 525191 1199689 630065865599 35 0.07351746399945114
40 526037 1885439 991810675243 69 0.2757296929921722
40 526937 1418569 747496493153 72 0.3218848670076113
40 531337 1288783 684778092871 54 1.212957858995651
40 536563 1768853 949101072239 43 0.20409962600388099
40 537611 1691633 909440508763 67 1.0056439149921061
40 538471 1904897 1025731792487 48 0.696731546006049
40 539947 1865849 1007459570003 48 0.8135832370026037
40 540803 1585313 857342026339 55 0.41453589900629595
40 546569 1977119 1080631954711 72 0.22343324500252493
40 547787 1889389 1034982732143 81 0.9153912709880387
40 553643 1515809 839217042187 12 0.6555312869895715
40 556573 1281043 712993945639 62 0.9446536289906362
40 556763 1834669 1021475816447 42 0.07774359700852074
40 558149 1464289 817291441061 9 0.10426741300034337
40 564163 1227053 692257901639 21 0.5724614810023922
40 564227 1200083 677119230841 8 0.6831305060040904
40 565379 1444273 816561624467 12 0.1884798259998206
40 567097 1544113 875661849961 25 0.34930957900360227
40 577081 1152649 665171837569 76 0.42580626299604774
40 578581 1507487 872203335947 44 0.13027497100119945
40 579641 1420121 823160356561 45 0.8374520869983826
40 579869 1124741 652202438929 19 0.936722534999717
40 580711 1308709 759981712099 86 0.1255477419908857
40 581521 1262939 734425550219 76 0.7620720209961291
40 592507 1809491 1072136083937 76 0.06769284800975583
40 593507 1431977 849888373339 20 0.22038432300905697
40 595339 1408397 838473661583 98 0.8280403859971557
40 601201 1103107 663189031507 50 0.021120684992638417
40 601319 1456561 875857803959 31 0.31332572699466255
40 601507 1649797 992364444079 17 0.2924070790031692
40 610339 1062409 648429646651 7 1.190226624996285
40 610739 1719217 1049992871363 14 0.6184585360024357
40 617809 1348063 832845453967 9 1.3950442609930178
40 619657 1114471 690589756447 97 0.8394918080011848
40 622301 1050737 653874685837 47 0.3944782339967787
40 622331 958871 596735148301 16 0.06541458300489467
40 622477 1511947 941152232719 93 0.28107696201186627
40 623767 995119 620722393273 2 0.1821467360132374
40 627919 1090597 684806577643 35 0.26159659199765883
40 628973 1659683 1043895795559 36 0.021857233994523995
40 638581 1325263 846287771803 65 0.9926395760121522
40 642517 1398451 898528541167 30 0.6172412199957762
40 648997 1140697 740308930909 14 0.6192809649946867
40 653357 1280803 836821605671 35 1.1465120389912045
40 653743 1012171 661699706053 69 0.1507426299940562
40 657473 1535741 1009708242493 41 0.668609636995825
40 657719 1424881 937171306439 5 0.10337420500582084
40 661477 918259 607407208543 87 0.1302230419969419
40 663797 857099 568939744903 6 1.3825363789947005
40 666959 1500143 1000533875137 94 0.15087353100534528
40 669923 1381519 925511353037 74 0.18446944598690607
40 673553 1089113 733575328489 67 0.3686037699953886
40 674299 1290853 870420887047 95 0.05204476100334432
40 675251 1054181 711836774431 49 0.30161108600441366
40 675611 818359 552892342349 26 0.2649080819974188
40 676679 1524433 1031551798007 92 0.10303238000778947
40 691931 1356947 938913694657 98 0.2446498019999126
40 693779 1279961 888010062619 99 0.2124767919885926
40 696181 1382159 962232834779 41 0.013547911003115587
40 702733 1394389 979883165137 28 0.7590097380016232
40 707219 1043849 738229845931 77 0.6593371499911882
40 711649 1326943 944317659007 13 0.23694683800567873
40 717229 1310797 940141621513 22 0.6982633620064007
40 729649 1092391 797062000759 7 0.1820105539954966
40 744607 759523 565546142461 31 0.07846699099172838
40 751237 1254791 942645426467 35 0.32572444900870323
40 755449 1177697 889690020953 44 1.7319856449903455
40 766273 955379 732081132467 34 0.16454458700900432
40 778439 1230637 957975835643 13 0.057238474997575395
40 785839 1112381 874152372659 76 1.1583261560008395
40 788023 1064867 839139687941 5 1.6209804730024189
40 795533 1144667 910620372511 19 0.5273631680029212
40 796561 1332941 1061768815901 92 0.7165682229970116
40 800669 995119 796760934611 67 0.23157502799585927
40 801677 946109 758473824793 53 0.04198817600263283
40 808021 961811 777163486031 19 1.4478401050000684
40 808187 849127 686253402749 100 0.1765299690014217
40 809189 1187623 961011467747 64 0.0699661999969976
40 809401 1133681 917602535081 44 0.8158379389933543
40 817603 1266301 1035331496503 96 1.0747216519957874
40 827719 945179 782342616701 86 0.5879301310051233
40 831653 994229 826853530537 11 0.22093088600377087
40 837439 1155929 968020025831 100 0.08013556800142396
40 845111 958367 809926493737 11 0.22763292300805915
40 845659 1041983 881162301797 87 0.22547368099913
40 860647 1133897 975885051359 47 0.2668848670000443
40 873541 1051397 918438386777 91 0.3047527899907436
40 877601 1099843 965223316643 36 0.9925271989923203
40 878299 975277 856584813823 79 0.6610886200069217
40 887837 1223447 1086221514139 39 0.25407875499513466
40 906557 1033369 936807900533 73 0.8152932850061916
40 930841 1058249 985061557409 93 0.7206426769989775
40 934939 979949 916192538111 79 0.43253285001264885
40 935059 995513 930863390267 28 0.2219718630076386
40 950819 1131079 1075451403701 87 1.0814463840069948
40 977881 992357 970407055517 8 0.8056384329975117
40 982351 1069597 1050719682547 9 0.1178551460034214
40 1008913 1067849 1077366738137 76 0.6982361840055091
40 1015481 1056463 1072818103703 94 0.23703036300139502
41 533969 2079353 1110310042057 18 0.6727675650035962
41 564089 2007659 1132498357651 25 0.20816880399070214
41 579967 2051167 1189609171489 5 0.12859625300916377
41 640307 1775171 1136654417497 54 0.7864197390008485
41 649813 1775219 1153560384047 58 0.02251092299411539
41 655223 1756969 1151206499087 3 0.03056878699862864
41 688357 2037349 1402423445593 82 0.2344754270015983
41 691051 1621079 1120248264029 67 0.3450858169962885
41 691409 1741127 1203830877943 60 0.3361340840056073
41 709057 1739021 1233065013197 94 0.6635368410061346
41 711307 2042399 1452772705493 17 0.08934677400975488
41 728293 1612957 1174705292401 88 0.30182276900450233
41 732073 1526561 1117554090953 59 0.1976601939968532
41 733067 1855807 1360430870069 83 0.02902784600155428
41 735419 1553869 1142744786111 23 0.8824190470040776
41 749323 2089361 1565606252603 49 0.6788910530012799
41 752009 2092661 1573699905949 34 3.234191857991391
41 758929 1811071 1374474302959 56 0.20551381600671448
41 759371 1601521 1216148603291 94 0.5192371270095464
41 762397 1893589 1443666572833 23 0.025871586010907777
41 767647 1533221 1176972500987 28 2.694656504012528
41 770183 1584389 1220269473187 84 0.47982332900573965
41 775163 1773613 1374839173919 59 0.12077705099363811
41 790057 1571663 1241703354791 50 0.4527865220006788
41 792307 1719659 1362497863313 16 0.845302255009301
41 800897 1865569 1494128615393 25 0.3181850170076359
41 807221 1618973 1306869004033 32 0.2161835040024016
41 818189 2020477 1653132056153 61 0.12741974600066897
41 825479 1795979 1482542948941 13 0.9383859100053087
41 850261 1937311 1647219988171 94 0.02987998101161793
41 853823 1416739 1209644343197 28 0.07829812700219918
41 875773 1426891 1249632611743 63 0.059315320002497174
41 877651 1815497 1593372757547 78 0.552323540992802
41 878359 1779163 1562743833517 2 0.2731808409880614
41 889901 1703593 1516029114293 29 0.6067386510112556
41 904399 1789163 1618117228037 90 0.05321230800473131
41 908353 2095837 1903759826461 1 0.11595112600480206
41 908653 1870859 1699961642927 97 0.34913821300142445
41 908741 1725583 1568108021003 55 0.5358293910103384
41 946327 1687937 1597340357399 37 0.24894371299888007
41 951479 1594883 1517497681957 7 0.35083562099316623
41 970987 1623667 1576559549329 73 0.7842625679913908
41 981823 2058341 2020926535643 4 0.41827215401281137
41 986497 1499353 1479107236441 86 1.9242977109970525
41 986509 2057599 2029839931891 27 0.20843804700416513
41 993269 1531331 1521023611039 70 0.05162879699491896
41 996979 1497043 1492520433097 76 0.5525799429888139
41 999769 1404547 1404222549643 89 0.3801110539934598
41 1001797 1820009 1823279556173 94 0.21366064800531603
41 1003201 1349753 1354073559353 94 1.6382454890117515
41 1012513 1896211 1919938288243 71 0.8415955729869893
41 1029943 1143943 1178196085249 39 0.2421601859969087
41 1031633 1791787 1848466598171 74 0.6878207590052625
41 1033181 1297781 1340842671361 82 0.7098252900032094
41 1034567 1671311 1729083207337 78 0.8515705559984781
41 1038707 1794361 1863815331227 46 1.535080759000266
41 1045063 1072943 1121293030409 34 0.4707133409974631
41 1052731 1162859 1224177717929 82 0.5929334649990778
41 1055731 1175353 1240856598043 91 0.16784891299903393
41 1058807 1592117 1685744624419 34 0.39639993000309914
41 1059161 1279627 1355331012947 78 0.7994891810085392
41 1063891 1942091 2066173136081 66 0.7010920059983619
41 1068941 1352893 1446162796313 71 0.24382341600721702
41 1076111 1643129 1768189191319 18 0.12985938499332406
41 1079983 2023453 2185294841299 3 0.06257447898678947
41 1084547 1193261 1294147637767 96 0.21026363200508058
41 1085269 1179337 1279897886653 41 0.0931910139915999
41 1089629 1207957 1316224977953 78 1.1172879679943435
41 1091521 1758877 1919851181917 24 0.09009581300779246
41 1096703 1507423 1653195326369 46 0.08973537798738107
41 1116677 1398841 1562053571357 36 0.9559962159983115
41 1119397 1510199 1690512230003 19 0.8171372119977605
41 1123211 1624627 1824798917297 43 0.2805673260008916
41 1142321 1777981 2031025033901 47 0.6993450890004169
41 1146799 1306933 1498789457467 18 0.060777887993026525
41 1151089 1626949 1872763097461 65 0.05890603100124281
41 1151519 1257911 1448508416809 5 0.13355443999171257
41 1165721 1629997 1900121732837 24 0.36357508100627456
41 1167217 1301413 1519031377621 32 0.04883968600188382
41 1172671 1493813 1751751184523 75 0.39985321200219914
41 1185337 1708829 2025538240373 90 0.03403514699311927
41 1195837 1461667 1747915480279 59 0.5502811769838445
41 1222801 1715537 2097760359137 93 0.9731392099929508
41 1224851 1430381 1752003598231 20 0.020349864003947005
41 1239943 1575239 1953206571377 41 1.112324229994556
41 1241489 1286371 1597015446419 40 0.42643875000067055
41 1252639 1469557 1840824410923 18 0.22290181499556638
41 1253401 1616677 2026344568477 2 0.46397724500275217
41 1256449 1434913 1802895003937 7 0.3409934399824124
41 1258267 1316177 1656102085259 99 0.8135014150175266
41 1260143 1381291 1740624184613 65 1.385199243988609
41 1284443 1500647 1927495534621 27 0.697891353018349
41 1297057 1311377 1700930717489 14 0.7858577290026005
41 1297631 1433413 1860041144603 24 0.2604818760009948
41 1312319 1521757 1997030624483 95 0.11912588801351376
41 1344641 1544449 2076729447809 13 0.1020615859888494
41 1346971 1540963 2075632473073 66 0.04066000701277517
41 1356227 1529327 2074114569229 57 0.1654375039797742
41 1400801 1503431 2106007648231 70 0.1972709019901231
41 1433821 1491547 2138611411087 32 0.25666014399030246
42 1048889 3906137 4097104131793 46 2.1782455060165375
42 1050593 2973767 3124218793831 18 1.9880557139986195
42 1050853 3779311 3971500302283 82 0.21456884301733226
42 1052693 2320051 2442301447343 70 0.380713354999898
42 1063109 3775081 4013322586829 59 0.27995171200018376
42 1076429 3026999 3258349506571 84 1.8298194739909377
42 1076821 3619613 3897675290273 57 1.9983098139928188
42 1079431 3272897 3532866481607 70 1.0899902149976697
42 1087357 2654303 2886174947171 5 0.6272439660097007
42 1101559 3940943 4341181230137 91 1.765539850021014
42 1105457 3286991 3633627209887 18 1.0324363470135722
42 1108781 3378929 3746492275549 73 0.393957573978696
42 1111661 2262769 2515432049309 55 1.5628678099892568
42 1113527 2782279 3098142788033 61 5.95659432199318
42 1123631 2823857 3172973264767 59 1.541747616021894
42 1123669 3616183 4063392735427 88 0.4346567509928718
42 1128509 3340091 3769322754319 65 1.583102864009561
42 1133677 2619913 2970135110101 33 1.9341819139954168
42 1134977 2925827 3320746350979 88 1.4894943970139138
42 1143071 3142459 3592053751589 90 0.02156833201297559
42 1163629 2558737 2977420576573 81 1.1709918550041039
42 1163831 2351501 2736749760331 17 2.622996752994368
42 1165079 3686953 4295591514287 86 0.11332041001878679
42 1168831 2491589 2912246462459 97 2.018856170005165
42 1169341 1898873 2220430052693 32 1.8288112200098112
42 1178939 3533953 4166315015867 93 2.119508367002709
42 1179551 2068841 2440303470391 26 1.0929500369820744
42 1198819 3478831 4170488700589 14 1.227834075980354
42 1200989 2102137 2524643413493 98 1.3879852380196098
42 1204711 2437951 2937026387161 6 3.6734653869934846
42 1208069 1841849 2225080679581 41 2.9489196819777135
42 1210169 3249263 3932157355447 3 0.27604168400284834
42 1210609 3578737 4332451220833 6 3.2686876629886683
42 1215421 3554407 4320100910347 91 1.6980959919746965
42 1225397 2023741 2479886150177 40 1.5323988570016809
42 1242067 2762741 3431509425647 38 1.9184737199975643
42 1242233 3200359 3975591561647 91 0.09864435999770649
42 1243969 2595287 3228456574103 91 1.8919915779842995
42 1246061 2602939 3243420773279 59 4.097683722997317
42 1259393 2233859 2813306387587 35 0.5231147870072164
42 1262311 2277661 2875116534571 21 1.0702580049983226
42 1263569 1963253 2480705629957 27 1.1947858530038502
42 1268713 1895533 2404887359029 58 0.08533810402150266
42 1283297 2692727 3455568480919 20 2.3646455190028064
42 1283873 3268477 4196309371421 35 0.9184580690052826
42 1290161 3140741 4052061549301 19 1.009555692988215
42 1303223 2215471 2887252763033 57 0.5817313629959244
42 1310797 3278791 4297829406427 69 0.16279199402197264
42 1312681 2026751 2660477529431 23 0.04257939898525365
42 1333313 2574589 3432732983357 32 0.5651598419935908
42 1349927 3123181 4216066357787 65 0.6228094830003101
42 1357001 2467051 3347790674051 69 1.4290376249991823
42 1361741 2946479 4012341259939 11 2.069391621014802
42 1364101 2370317 3233351790017 58 0.9634367809921969
42 1373417 1676473 2302496518241 27 2.849521698022727
42 1374209 2681321 3684695450089 40 1.5845306430128403
42 1394389 1776461 2477077677329 46 0.44804173201555386
42 1395743 2654303 3704724832129 21 0.617983277013991
42 1398871 3049649 4266065546279 22 0.8744154080050066
42 1404437 2589799 3637209538163 62 0.4539458680083044
42 1415143 1827563 2586262986509 41 0.2959758810175117
42 1421011 2462359 3499039224949 83 0.7101250310079195
42 1425451 2804917 3998271742567 49 0.16465684698778205
42 1432139 2879027 4123166848753 51 1.2807487660029437
42 1438747 2447399 3521187969053 7 1.0683986149961129
42 1439701 2033357 2927426106257 96 0.06135339799220674
42 1445971 2848193 4118404480403 2 0.25657643598970026
42 1460423 2768413 4043054018699 45 3.035456810001051
42 1462883 2099089 3070721613587 53 2.8623187739867717
42 1472963 2488699 3665761545137 88 0.4778574699885212
42 1474141 2245787 3310606693967 36 1.2530916770047043
42 1481099 2864341 4242372590759 14 0.3200300070166122
42 1489171 1890331 2815026105601 56 1.5175847799982876
42 1489441 2431327 3621318118207 4 0.7532368440006394
42 1500491 1792979 2690348852689 95 0.764367758994922
42 1527949 2775277 4240481716873 79 3.9138006900029723
42 1535813 2533081 3890338729853 90 0.7451481410244014
42 1536077 2288369 3515110988413 80 0.5069882230018266
42 1555091 1862233 2895941778203 12 1.1239910680160392
42 1587799 2469541 3921134730259 29 0.09762919798959047
42 1606897 2190311 3519604174967 57 0.30572553898673505
42 1616519 2706313 4374806384447 13 0.3012855949928053
42 1669637 2606407 4351753564259 30 1.4922601220023353
42 1721717 2384609 4105621853653 46 0.35167158700642176
42 1729891 2042021 3532473749711 56 0.15335535298800096
42 1736557 2509063 4357130916091 58 2.114468877989566
42 1737559 2358799 4098552431641 67 0.8505178469931707
42 1750013 2191363 3834913737719 48 1.3985915970115457
42 1758433 2434841 4281504764153 66 0.321682947978843
42 1762217 2332663 4110658393871 73 0.3547547339985613
42 1814843 2036623 3696150995189 84 0.5823371029982809
42 1816189 1973197 3583698686233 23 0.3526111020182725
42 1827181 2350723 4295196401863 83 2.2419911449833307
42 1851557 2090173 3870074449361 5 0.5102194740029518
42 1861807 1903961 3544807917527 78 0.036151150008663535
42 1874599 2118113 3970612511687 27 1.9438400549988728
42 1893371 2205319 4175487040349 78 2.040955347009003
42 1930177 2018671 3896392334767 86 0.5419341380184051
42 1971481 2168851 4275848538331 58 0.8468103999912273
42 1978201 2097643 4149559480243 64 0.9224468350003008
43 1163609 4118057 4791808187713 43 2.360927414993057
43 1164749 3786011 4409752526239 30 1.0926138770009857
43 1171117 3954961 4631722061437 11 3.2628700180212036
43 1185697 3938371 4669714679587 52 3.0029316259897314
43 1196281 4029049 4819874766769 1 1.8771847900061402
43 1197617 3680153 4407413795401 73 2.701368207024643
43 1220839 3914873 4779429638447 41 0.2560614839894697
43 1282817 3572819 4583272951123 7 0.6904259099974297
43 1366087 3969247 5422336726489 100 3.0271773069980554
43 1390331 3878681 5392650433411 77 1.090051563020097
43 1390847 3377813 4698021077611 93 0.4700844899925869
43 1427281 3847621 5491636348501 73 1.536902708990965
43 1501021 4132769 6203373057149 20 0.12914096700842492
43 1504801 3287887 4947615645487 10 3.7702277170028538
43 1506031 3159461 4758246209291 48 0.12226949198520742
43 1510679 3623369 5473747457551 46 0.5058627499965951
43 1535473 3504997 5381828258581 89 0.6913071089948062
43 1550173 3587813 5561730841649 35 1.1224213559762575
43 1588019 3901657 6195905447483 15 0.07482338699628599
43 1598827 2759789 4412425167503 23 0.7505247810040601
43 1607579 3323137 5342205255323 80 4.201984874991467
43 1614589 3897209 6292390782101 94 0.2965108369826339
43 1652909 3915997 6472786685273 95 0.1491726769891102
43 1667711 3163493 5275792074523 58 1.3151187149924226
43 1670579 3720701 6215724955879 41 0.34435144398594275
43 1671211 2992229 5000646019319 64 1.4432794850145
43 1695581 3648289 6185969510909 83 0.5569498449913226
43 1701101 3386419 5760640747319 11 0.4473043870239053
43 1706459 4136773 7059233516807 47 0.03674311499344185
43 1732139 3337489 5780994858971 61 0.2959595120046288
43 1741477 2707847 4715653270019 23 0.5486659260059241
43 1763603 3074567 5422315584901 58 0.4576813210151158
43 1771093 2626451 4651688980943 22 1.5368345589959063
43 1774067 2498137 4431862413179 71 1.3638764529896434
43 1780627 2741231 4881109931837 9 0.2037335829809308
43 1787417 2948161 5269593090137 36 1.258563077019062
43 1816651 2647429 4809454540279 25 3.3563139390025754
43 1869551 3686321 6891765111871 95 0.7502127529878635
43 1895693 3048289 5778620119277 97 0.4767694400215987
43 1904311 2521271 4801284099281 96 3.4272713479876984
43 1908373 3253021 6207977444833 25 1.2496478609973565
43 1923401 2569937 4943019395737 50 2.0198361549992114
43 1937339 2616407 5068867320973 12 0.399994247010909
43 1943411 3385267 6578965125737 97 0.14858019299572334
43 1952911 3112301 6078046858211 8 0.4159015959885437
43 1954763 3130789 6119950498007 27 3.012885620002635
43 1955959 3541411 6926854718149 33 0.8172483289963566
43 1973563 3081479 6081492939677 49 1.2806015720125288
43 1981787 3103847 6151163634589 91 1.6180381280137226
43 1995317 3513299 7010145220783 28 2.2338845469930675
43 1997081 3678217 7345697284577 79 2.023070878989529
43 2026109 2971541 6020665963969 42 0.4023578160267789
43 2051587 2999303 6153331043861 84 0.7469032859953586
43 2053643 2931193 6019623986099 59 1.1454341410135385
43 2058949 3978659 8191855969391 27 0.26436334699974395
43 2063597 3123227 6445081867519 17 1.125386902014725
43 2064679 4018739 8297406019781 98 0.6658884370117448
43 2097917 2513293 5272680110681 92 0.35399902501376346
43 2136853 3581873 7653936065669 61 1.487676848017145
43 2137441 3511307 7505211545387 54 0.3449911440256983
43 2150657 3580127 7699625193439 91 0.6529286119912285
43 2156719 3436981 7412602225339 14 2.6613070649909787
43 2161919 3786847 8186856479393 6 0.014179168996633962
43 2162351 2168549 4689164098699 82 0.6327305659942795
43 2163043 3237539 7002936071177 30 1.106188903999282
43 2167073 3053291 6616704487243 35 1.557211589999497
43 2179367 2900647 6321574350449 13 2.0385898819949944
43 2179909 2665891 5811399783919 67 1.5867791409837082
43 2180083 2603299 5675407893817 12 2.295594777999213
43 2188811 2510803 5495673225233 89 1.9981866240268573
43 2207357 3582989 7908935850073 76 0.3279839809983969
43 2213677 3869683 8566228254391 2 0.6546301310008857
43 2214713 2285981 5062791838453 96 1.0376599169976544
43 2219209 2363171 5244370351739 55 0.7188040270120837
43 2229299 2821319 6289563625381 72 2.4328859119850677
43 2235049 3491087 7802750508263 86 0.3085978910094127
43 2250581 3247781 7309394210761 6 0.07733655098127201
43 2267533 3136781 7112754431273 2 1.3852868130197749
43 2273311 2871013 6526705434043 33 0.1787827129883226
43 2316679 3608477 8359682887883 30 1.5773672189970966
43 2317079 3396677 7870368946483 88 1.0316718110116199
43 2324957 2872729 6678971397653 70 0.2471145220042672
43 2328829 2518067 5864147453543 74 0.4024489570001606
43 2345477 3470947 8141026356719 71 0.960778933018446
43 2353709 2623979 6176082988111 19 0.6587898879952263
43 2357483 3072467 7243288720561 35 0.24152100397623144
43 2371679 3003191 7122605027689 74 1.1155285290151369
43 2388163 3197419 7635957751297 83 0.3777032969810534
43 2392307 3371257 8065081719899 3 0.3165120980120264
43 2393561 2571461 6154948762621 69 0.2797039660217706
43 2425769 2468729 5988566277601 47 1.7603442780091427
43 2481107 3338441 8283029334187 77 1.0941875760036055
43 2511791 2809309 7056397062419 46 0.6782197679858655
43 2516929 3199117 8051950351693 57 1.7031687470152974
43 2577439 2853853 7355632022467 42 0.029219329997431487
43 2615219 2620573 6853372300487 82 0.44199114097864367
43 2620301 3087869 8091146228569 6 0.11048881197348237
43 2661137 3012809 8017497503833 90 1.365702039009193
43 2694689 3204307 8634610825523 7 0.41143673699116334
43 2717653 3100633 8426444574349 6 0.3164203120104503
44 2109103 8136281 17160254665943 10 7.717670110985637
44 2110259 4655111 9823489883749 32 0.43787410799995996
44 2126867 7059113 15013794488971 72 2.7333141610142775
44 2142377 5810647 12448596487919 39 0.05131506800535135
44 2148907 5437171 11683974822097 68 3.397662090981612
44 2162089 4836157 10456201851973 7 0.24269076497876085
44 2162231 6527789 14114587737259 63 2.2405266420100816
44 2170387 5986163 12992290355081 4 2.2484936169930734
44 2177449 6307559 13734388036991 67 2.588206143002026
44 2179141 7242943 15783394051963 15 0.07322048599598929
44 2188673 4858517 10633704977941 58 3.3754988069995306
44 2231219 5412479 12076425981901 99 0.5743801280041225
44 2234129 4784543 10689286268047 56 7.399615586997243
44 2267011 4191527 9502237815797 48 0.9635091410018504
44 2278063 7548587 17196156746981 56 1.7120941799948923
44 2281109 4868623 11105859742907 29 6.569021745992359
44 2281711 5654309 12901499042699 47 6.743170367990388
44 2282017 5002229 11415171615893 41 3.237392588984221
44 2293199 6516989 14944752657811 67 1.6097948850074317
44 2323787 6463129 15018935149523 44 0.22091059299418703
44 2339677 4840267 11324661373759 94 0.23846048000268638
44 2341873 5193763 12163133338099 38 1.928299141000025
44 2349353 4677083 10988118977299 87 8.398226594988955
44 2350541 4269691 10036083752831 15 1.3741353950172197
44 2354633 6024913 14186458971929 94 0.4981102999881841
44 2357189 6643213 15659308608257 63 4.323182862979593
44 2360363 5735633 13538175914779 82 3.838142874999903
44 2374903 5531633 13137091806599 52 0.14380323598743416
44 2403119 3946673 9484324873087 82 0.07777737599099055
44 2420689 6224353 15067222839217 87 4.442407581984298
44 2428103 5031857 12217867077271 65 0.6114938840037212
44 2473907 5718071 14145975873397 72 0.8092645760043524
44 2475367 4023023 9958458374441 75 0.7480833000154234
44 2485421 4174453 10375273149713 82 1.799001727020368
44 2494543 6903317 17220621099131 50 2.3606655390176456
44 2509561 3808223 9556967920103 27 0.16706744299153797
44 2549069 4928213 12562354983697 76 3.5923523920064326
44 2555957 5016607 12822231777899 55 4.442502501013223
44 2559397 5352197 13698396945209 39 5.9095887310104445
44 2565089 4348913 11155348898257 1 0.5040087039815262
44 2570849 6596053 16957456258997 79 1.818320866994327
44 2576789 3439439 8862708581371 42 0.31345846300246194
44 2590547 6599231 17095618069357 42 0.42705578898312524
44 2624483 3755197 9855450688151 72 4.170348238985753
44 2634419 5857409 15430869560371 99 4.532589973008726
44 2642987 5112109 13511237629583 61 0.9047304609848652
44 2645723 6326549 16738296199927 52 0.7322375420189928
44 2648363 5406041 14317158960883 14 0.0691917160002049
44 2655827 5764397 15309241191319 4 1.7033371379948221
44 2682679 4976161 13349442615319 40 3.337919671990676
44 2685649 4641251 12464771106899 24 1.4395610240171663
44 2687141 4949683 13300496126303 89 2.479384456994012
44 2712553 4782443 12972630106979 7 0.891061330010416
44 2749007 4099717 11270150731019 85 4.2732092050137
44 2766193 3868987 10702364756491 56 0.7063882329966873
44 2780399 5061827 14073898728973 47 0.19606163300340995
44 2790089 5924327 16529399595103 14 3.691970116982702
44 2809507 4217341 11848649060887 10 4.1310290380206425
44 2811959 3568241 10033747394119 27 0.9342092770093586
44 2822311 5899507 16650243500677 15 0.5163012309931219
44 2832589 4076587 11547295493743 94 1.2871889189991634
44 2853079 4502609 12846299183111 73 2.4185432309750468
44 2854043 3597241 10266680495363 7 2.7081628309970256
44 2855063 5376323 15349740873349 18 1.4382503849919885
44 2914447 5609663 16349065501361 47 2.290099318983266
44 2919353 4139599 12084950759447 81 3.7639208670007065
44 2950943 5740103 16938716767129 44 2.313240233983379
44 2962039 3972329 11766193418831 89 1.7849923949979711
44 2969003 3587249 10650553042747 89 1.8988100049900822
44 2983441 3359639 10023284737799 96 2.6969991180230863
44 2991199 4411577 13195904710823 20 1.9980168369947933
44 3000797 5811307 17438552611679 50 0.644594736979343
44 3002677 5173211 15533481685847 89 1.7253289989894256
44 3005267 3662831 11007785130877 1 2.9098219230072573
44 3007811 4512043 13571372567873 34 4.962688625004375
44 3011209 4010857 12077528696113 38 1.3968083600047976
44 3023729 5665571 17131151334259 10 1.4410869959974661
44 3044033 3352841 10206158647753 72 4.248481450020336
44 3064363 5197513 15927066529219 29 4.436833889049012
44 3096983 5226367 16185969750761 29 3.7448153590084985
44 3099461 4715467 14615406063287 16 2.068973643006757
44 3198667 4068343 13013274498781 90 1.8048681119689718
44 3234857 5083123 16443176018411 88 2.2693085110513493
44 3267623 3620819 11831471443237 72 2.2450117869884707
44 3276989 3913171 12823418322119 20 1.2993246910045855
44 3282341 5191651 17040768934991 74 0.9472672439878806
44 3312151 4540687 15039440987737 14 1.939739916997496
44 3318221 4426777 14689024403717 73 0.13111999502871186
44 3393791 5029991 17070738185881 42 2.8900797619717196
44 3411943 4472107 15258574173901 25 1.9787603149889037
44 3441811 4958381 17065810267991 61 3.9643812790163793
44 3585917 4852919 17402164741723 27 0.1035929549834691
44 3646187 4788457 17459609663459 97 1.807109938992653
44 3682643 3753367 13822310708981 7 2.5091149220243096
44 3709681 4093253 15184662882293 9 2.446633225947153
44 3723739 4724221 17591765982319 52 0.529568470956292
44 3741407 3809599 14253260365793 43 0.3764308340032585
44 3800887 3926759 14925167235233 70 0.06962570000905544
44 3859099 4011649 15481350644251 36 2.8977390130166896
44 4032683 4106057 16558426260931 56 2.314275351993274
45 2466119 8088499 19947201065381 33 0.9652301130117849
45 2538127 7591531 19268269802437 74 7.6330211980384775
45 2681197 7334189 19664405544233 92 0.9138717490131967
45 2724599 7618153 20756412045647 100 0.26417222601594403
45 2759879 7835537 21625134020023 63 2.0573630050057545
45 2813131 6480191 18229626188021 58 1.7545830740127712
45 2841823 6944953 19736327169319 88 5.458427858946379
45 2873839 7386293 21227016888827 91 3.7412126399576664
45 2906153 6628087 19262234919311 44 5.037086550029926
45 2969773 8010221 23788538049833 31 1.829593512986321
45 2981501 6884431 20525937910931 62 3.2729942279984243
45 3006121 6005401 18052962059521 90 0.27654015296138823
45 3030229 7374011 22344941978519 44 1.9392620510188863
45 3098873 8251027 25568884792571 40 1.6411685480270535
45 3104749 8296973 25760018624777 75 0.33622656000079587
45 3167473 6852169 21704060298937 95 3.428403969039209
45 3188953 5575693 17780622919429 82 1.5878069879836403
45 3191861 6269707 20012033254727 32 7.3195002529537305
45 3221941 8088811 26061671802151 13 4.374668719014153
45 3301237 7401133 24432894101521 13 1.363859441014938
45 3361493 5754817 19344777061781 46 2.8407993399887346
45 3367733 6556651 22081049942183 15 1.7426877599791624
45 3375121 7919491 26729240383411 31 7.036499361041933
45 3404881 6569971 22369969428451 52 2.3084505400038324
45 3472321 6497203 22560374418163 85 7.333632540015969
45 3483239 7314833 25479311584087 79 2.1106600380153395
45 3508367 7488059 26270859089653 71 2.159563820983749
45 3554813 7619839 27087102735107 1 0.026970940991304815
45 3583189 6218713 22282824015757 5 3.2366269209887832
45 3612509 7755017 28015068707653 70 2.1029967579524964
45 3642061 8083633 29441084487613 23 4.5543749399948865
45 3675149 5413817 19896584133733 5 0.707045637012925
45 3702443 8326523 30828476795689 11 0.809225453005638
45 3737291 6979853 26085741798223 25 0.35349665698595345
45 3747691 5024389 18829857435799 63 3.2172401290154085
45 3747823 6832663 25607611542649 32 1.199489587044809
45 3756887 6419627 24117813221149 75 3.040325979993213
45 3763453 6575573 24746859933569 94 0.11898955295328051
45 3780181 6594143 24927054079883 25 2.238721655041445
45 3781801 7546393 28538956593793 41 6.9823374769766815
45 3792043 5149009 19525263535387 76 1.14206396904774
45 3792637 7347521 27866480002877 47 1.2669412620016374
45 3812689 6097243 23246891316427 23 4.60579775297083
45 3848717 7189319 27669654253723 10 0.3472086089896038
45 3869623 6587491 25491106685893 89 0.17115037702023983
45 3907069 7440649 29071129047781 71 0.10625739896204323
45 3918179 6010091 23548612344289 63 1.2815151280374266
45 3927127 6567653 25792007422931 74 3.4335455810069107
45 3931757 6628379 26061175531903 15 1.4952216829988174
45 3935297 7115389 28001168985533 70 0.7763658339972608
45 4080889 6905057 28178771155673 74 0.6515201160218567
45 4101991 7747819 31781483807629 27 0.8333016299875453
45 4119419 5972363 24602665617097 14 1.2732713039731607
45 4127771 5675713 23428043525723 3 1.8107295850059018
45 4150093 8359513 34692756384709 90 0.49240672402083874
45 4150889 5244553 21769557357617 34 0.48233255004743114
45 4158053 8176547 33998515782991 26 0.7840682929963805
45 4166069 5244341 21848286465529 34 0.5381701700389385
45 4181069 5918273 24744707773837 17 2.211590844031889
45 4235767 6679063 28290954646321 30 2.463187118002679
45 4271297 7151909 30547927455973 74 2.3385561300092377
45 4316773 6996713 30203221767149 24 1.8954159650020301
45 4325359 5138789 22227107250251 14 1.3732816969859414
45 4336159 4820419 20902103230621 41 1.2319241279619746
45 4362997 5103949 22268514175153 18 0.05419525096658617
45 4374059 5240107 22920537184313 7 0.8532603799831122
45 4385159 6287101 27569937534059 3 1.019813761988189
45 4388743 5993837 26305410176891 39 2.59606640401762
45 4396283 6638741 29185784199703 3 6.78189119999297
45 4399931 7398109 32551169130479 83 0.5629344570334069
45 4413503 5516053 24345116463659 50 4.99195985798724
45 4418719 4455301 19686723179419 53 0.5395572550478391
45 4448149 7043273 31329527751677 70 1.6712104370235465
45 4487843 4773877 21424410477311 60 1.7843757640221156
45 4501547 7035563 31670917515961 63 3.5441613940056413
45 4510477 4539749 20476433450273 6 2.769993399037048
45 4510477 6727249 30343101887773 61 1.4010091530508362
45 4514359 5197601 23463836852759 68 1.4487977669923566
45 4562291 5935621 27080030267711 21 1.6447195099899545
45 4568059 5245067 23959775514953 42 6.472275582025759
45 4583057 5296321 24273341033297 96 0.5334483300102875
45 4644131 7300549 33904705927919 39 1.684960977989249
45 4818617 5579963 26887704571171 7 0.21616025298135355
45 4879591 4968683 24245140848653 64 7.866743167978711
45 4880573 6147527 30003454292971 36 0.6069761120015755
45 4886941 6791591 33190104513131 72 0.7191747470060363
45 4897567 5411551 26503433596417 24 1.2507229100447148
45 4945541 6436019 31829595841279 86 2.5703774949652143
45 5039971 6583867 33182498747857 2 1.695118025992997
45 5043209 5370857 27086354360113 59 2.456939372990746
45 5060663 5436127 27510406772201 39 0.5512381470180117
45 5082317 5856377 29763964385509 37 2.0052138359751552
45 5086121 5346997 27195473728637 83 3.751966711017303
45 5254831 5558513 29209046426303 85 0.35840567597188056
45 5255797 6029603 31690369358591 62 2.0958371449960396
45 5333533 6138883 32741935063639 52 1.390296135970857
45 5479841 5860993 32117309742113 25 0.6665593800134957
45 5519783 6131303 33843462067249 88 0.23255552299087867
45 5722621 5875021 33620518550041 99 1.5873712160391733
45 5848679 5888657 34440864534103 5 1.584011030034162
46 4285993 9342559 40042142476087 9 4.4824993970105425
46 4291403 13782481 59146180310843 96 6.664704416994937
46 4335593 10096777 43775515683761 100 1.7359684809925966
46 4357943 10135579 44170275553997 37 10.738641489995643
46 4387223 11585557 50828422138211 16 2.980645597970579
46 4393397 9688397 42564974314609 26 1.562883626029361
46 4429771 9254111 40993592538581 10 0.475803637993522
46 4430891 9347801 41419087320691 8 6.6285896630142815
46 4465211 14729401 65769883368611 31 0.10220958304125816
46 4476581 11712319 52431144701339 7 5.24749779002741
46 4479463 12594391 56416108492033 91 7.593072162009776
46 4479919 10891723 48794036810437 54 1.4913879149826244
46 4486843 14745037 66158666048191 78 3.495449312031269
46 4492877 9272339 41659478629303 17 2.187967519974336
46 4496153 15002263 67452469794239 50 2.009462137008086
46 4499617 13531769 60887777832473 69 7.748121692042332
46 4508333 11612791 52354328887403 40 2.3775783810415305
46 4577561 9399869 43028473739509 3 1.107216345029883
46 4616237 10133561 46778919229957 11 10.153876221971586
46 4622903 11022043 50953835650829 25 13.636486293980852
46 4645169 14902711 69225611153159 86 3.5464645129977725
46 4682527 12755027 59725758313229 12 8.737761033000425
46 4707853 13613321 64089514109813 53 7.822871112031862
46 4718999 10519139 49639806421861 44 4.542528295016382
46 4721513 10604917 50071253479421 48 12.488087576988619
46 4736759 7776787 36836765813333 17 3.4726041989633814
46 4761527 10413257 49583004363439 89 13.197290168958716
46 4839257 9774511 47301370778327 58 3.767714425979648
46 4840217 9733541 47112450618397 35 4.267180252005346
46 4842407 11963663 57932925456841 37 1.4608741539996117
46 4844387 11647747 56426194146089 87 1.5734909370075911
46 4846873 9111673 44163121848529 38 3.2567988869850524
46 4850459 14331397 69513853561223 91 2.8905167060438544
46 4852693 9914431 48111689912683 39 7.797128708043601
46 4853503 13228049 64202375505647 27 3.1431485790526494
46 4895603 7334699 35907774428497 59 0.7482759560225531
46 4961329 13012589 64559735170781 9 4.5645860230433755
46 5019563 12401819 62251711785097 13 8.265314717020374
46 5050033 11070929 55908556790657 62 5.163551061996259
46 5051029 11242463 56786006644427 33 15.247741744969971
46 5096887 7111603 36247036879861 86 2.0368628799915314
46 5118341 9804539 50182973949799 85 4.7634170390083455
46 5134511 8462579 43451204963869 3 4.449795244960114
46 5238461 10327019 54097686277759 92 12.291613939974923
46 5242249 12515549 65609624229701 25 1.2604489409714006
46 5261957 13071043 68779266211151 56 2.396728179010097
46 5311151 9412901 49993338559051 97 8.723740858025849
46 5333981 8346421 44519651032001 21 6.981032624025829
46 5351803 11237267 60139639242401 88 5.61886481201509
46 5373499 7089353 38094631256147 83 0.2344085379736498
46 5411069 7167221 38782327369249 12 8.780206893046852
46 5430121 11004221 59754251540741 3 0.904259861970786
46 5444863 8282639 45097834633457 56 0.022122620954178274
46 5481727 9392833 51488946262591 45 7.517722859978676
46 5562169 7050037 39213497250253 58 9.864253177016508
46 5579069 9947009 55495049554621 8 7.912555966991931
46 5582803 12029221 67156771086463 44 6.91725395002868
46 5634779 7876357 44381531020103 88 4.559608050039969
46 5647613 12094919 68307421778347 87 0.9585854089818895
46 5685499 6922127 39355746136373 59 2.0229114199755713
46 5698753 10645373 60665351319869 99 7.872143190004863
46 5722069 8860909 50702732700721 86 7.66579813597491
46 5724541 7690691 44025675947831 51 4.568457318993751
46 5738687 8010011 45966945995557 99 1.352885211003013
46 5847161 9169513 53615618802593 92 5.581263568019494
46 5899711 9232901 54471447591611 55 4.463765979977325
46 5970001 9042251 53982247512251 38 3.9697241610265337
46 5991071 11425147 68448866862437 13 0.14491347299190238
46 6091271 10177031 61991053796401 88 8.764614209008869
46 6149543 11174101 68715614585843 73 5.4453710509696975
46 6291041 8151329 51280344943489 70 5.337357516982593
46 6302683 9512857 59956522095331 66 3.4355187650071457
46 6311429 10883267 68688966958543 27 5.531042582006194
46 6354559 8410421 53444516459339 41 0.8149198290193453
46 6446413 7061563 45521751523519 33 3.00823262805352
46 6533453 7671359 50120463472627 8 0.7964528879965656
46 6549721 9363059 61325424156539 6 1.6542213939828798
46 6625417 7894921 52307143807057 40 1.2800194320152514
46 6626303 10427867 69098206385701 13 0.5975236290250905
46 6683491 9558277 63882658305007 40 10.902080483967438
46 6713491 6772837 45469380243967 83 0.8759401580318809
46 6764111 8660863 58583038687793 20 0.8943589810514823
46 6830501 10051061 68653782211561 54 6.223662348988
46 6905771 9509693 65671762138303 96 2.325532510993071
46 6907367 8648729 59739945286543 95 3.9789009710075334
46 6948517 8814797 61249766806049 42 0.9342018680181354
46 7016483 7309639 51287957779637 1 0.22209851897787303
46 7099163 7394417 52494171572971 57 3.7560068569728173
46 7175459 8596199 61681673480341 26 3.448781729035545
46 7390469 8255983 61015586426027 58 2.4560716440319084
46 7411247 8090879 59963502716113 8 13.18970247800462
46 7426873 9168983 68096872280159 51 15.877463846991304
46 7442339 9148991 68089892529949 19 13.072090287983883
46 7452191 9379043 69894419833213 37 8.227404767996632
46 7602937 8239481 62644254955697 55 3.593896759033669
46 7708147 8364931 64478117792857 67 0.3583898809738457
46 7881023 8131939 64087998293597 26 1.7005785090150312
46 8023889 8106089 65042358360121 92 4.237005473987665
46 8034181 8692289 69835423130309 15 3.647948504949454
46 8233523 8348359 68736405838757 40 1.4734990269644186
47 4611833 16113829 74314288338557 58 3.12299331597751
47 4843117 15104119 73151015498923 86 2.148348088026978
47 5094667 15885227 80929941784409 75 10.531498946947977
47 5257951 13853479 72840913761529 11 0.76520675199572
47 5259833 15643211 82280677443763 44 5.212142012955155
47 5293643 13686727 72452646576461 93 7.42811417003395
47 5348261 13348339 71390400888479 20 3.2813321209978312
47 5619037 12686749 71287312040713 42 24.66358955798205
47 5622079 13722097 77146713379663 55 1.440203886013478
47 5635297 15688973 88412022479981 75 2.6577166040078737
47 5647307 14840939 83811338701273 82 0.337973958987277
47 5721589 16482883 94308282061087 4 3.710431135026738
47 5722603 15993017 91521687063251 25 6.743038188025821
47 5735771 13521107 77553973418497 78 0.04177340801106766
47 5743513 13240459 76046748392467 25 11.818452107021585
47 5789141 12223411 70763049779951 9 0.7652941229753196
47 5829463 13789861 80387484474643 88 3.5657319810125045
47 5845171 13667597 79889441624087 68 6.84113542502746
47 6043129 15851029 95789813029741 35 0.6684185159974732
47 6043781 12329903 74519233483243 38 13.951556659012567
47 6174299 11902039 73486747495661 56 17.717388786026277
47 6220723 12266509 76306554666007 2 1.398959518992342
47 6225353 14389751 89581279557103 49 10.570622763014399
47 6358997 11592811 73718650370567 12 5.220814608037472
47 6436513 16565977 106627126318201 1 1.644021336978767
47 6472061 14839901 96044744505961 42 0.5046992290299386
47 6738541 14348813 96690064701833 59 0.37585776002379134
47 6740897 13978823 94229806024231 8 0.5422298090416007
47 6754037 15798311 106702377031507 10 7.171982042025775
47 6791731 14365847 97568968411157 98 10.228189882996958
47 6924331 13673189 94677686461559 32 2.9449311179923825
47 6932297 11622157 80568244104629 18 1.0200565879931673
47 6957091 15124093 105219691293463 37 9.742194443009794
47 7027369 10737341 75455257285829 72 1.2294180360040627
47 7090549 10223699 72491638720751 75 10.04884210403543
47 7115111 12188431 86722039480841 96 1.9520109730074182
47 7158709 14451287 103452558308483 87 4.258939519990236
47 7199609 10052249 72372262370641 23 3.921108871989418
47 7209011 16481791 118817412618701 81 3.5611013929592445
47 7210433 12160319 87681165408127 58 0.2603517090319656
47 7238383 12492281 90423914421623 2 1.215435721038375
47 7277873 13687483 99615762963659 23 2.7599078959901817
47 7359031 9744851 71712660599381 92 0.08250299200881273
47 7395061 13239643 97907967603223 77 8.026793891971465
47 7461491 10295429 76819250824639 81 3.399703466973733
47 7498987 14887619 111642061341953 72 4.324445245962124
47 7505923 16679177 125192618265371 2 1.1281394529505633
47 7586597 11621507 88167690141679 35 7.662111136014573
47 7634359 15385427 117457873086293 34 10.735103581973817
47 7705219 14661347 112968889469993 3 3.535969518998172
47 7768427 16542859 128511992512793 62 3.7950214110314846
47 7775293 15362461 119447635476073 51 0.7960607060231268
47 7789531 9531551 74246311992581 25 5.837507458985783
47 7837631 10256557 80387109096467 100 1.4525321770342998
47 7839833 13965233 109485094526089 50 1.213986526010558
47 7863293 14306339 112494935314327 45 3.588046115008183
47 7871707 10876351 85615448301157 96 5.497825141996145
47 7935619 15856307 125829611099033 34 8.75394717004383
47 7946639 13138757 104408958787723 72 3.6200703289941885
47 8025019 14441821 115895887919599 82 13.67122429504525
47 8065679 14321639 115513742927881 25 2.1015403289929964
47 8068223 10480469 84558761036587 38 2.8053296570433304
47 8080229 13387859 108176966539711 56 4.087807040021289
47 8085169 9548521 77201405985049 69 6.63805065798806
47 8111923 9942311 80651261274053 42 6.096912103006616
47 8115593 11243621 91248651882253 11 5.995033228013199
47 8239997 8580899 70706582017303 22 4.1174671379849315
47 8253187 13289671 109682139931477 48 3.1142741829971783
47 8306491 10559203 87709924686673 17 2.2401922380086035
47 8312243 12675493 105361777960799 75 4.162880259973463
47 8401429 13448923 112990171710967 39 3.44577977899462
47 8485843 9655279 81933181715197 26 0.7706834910204634
47 8489521 15371483 130496527729643 27 6.5906546309706755
47 8538367 15862081 135436268961727 26 3.8983158280025236
47 8538797 8935229 76296106579513 56 6.73212550097378
47 8549789 10172621 86973763126969 62 6.907694802968763
47 8562703 8565281 73341957314543 74 2.2422447889694013
47 8566451 11321147 96982051039297 47 6.322032234980725
47 8605411 11578789 99640238227279 84 3.9763734529842623
47 8683823 14527417 126153517875191 82 5.558431195036974
47 8710393 12344419 107524740846667 51 0.33914270700188354
47 8750309 9193409 80445169513381 64 3.177821249992121
47 8761997 9972913 87382633787261 64 5.703864370007068
47 8910001 11928817 106285771398817 80 3.959649989963509
47 8958067 14969183 134094944249261 6 0.03460342396283522
47 9037309 10066117 90970609759153 23 2.507409611949697
47 9055213 11088373 100407579338449 10 5.870605334988795
47 9120427 11134271 101549305853717 7 3.253219587961212
47 9215159 11554423 106475845098257 87 0.3580762670026161
47 9265177 11631071 107763931514567 85 3.4064569949987344
47 9286399 11793533 109519453057667 45 0.7440166699816473
47 9466099 11634809 110136253840091 59 5.421281315037049
47 9713947 13806451 134115133272097 14 3.149771175987553
47 9797497 12691907 124348920756779 29 2.548219882999547
47 9914969 10066141 99805475964629 32 6.382931575004477
47 10046021 11120689 111718675228469 72 0.865522603970021
47 10099997 11643851 117602860168447 1 3.951687232009135
47 10594747 10730329 113685120981763 92 0.4581771389930509
47 10742993 10792091 115939358068363 2 8.73319325200282
47 11580787 11958119 138484429059653 8 3.8172807410010137
48 8435551 16978411 143222251889461 21 0.16365055803908035
48 8446409 16802117 141917552247853 16 0.7790424879640341
48 8565343 28232273 241819101914639 79 12.340352921979502
48 8672441 25903919 224650209196279 50 1.234307083999738
48 8709289 19697159 171548250209951 26 17.44604381499812
48 8732921 26111389 228028697337269 44 6.202675585984252
48 8790841 17369557 152693013827437 71 16.6985725700506
48 8818471 27798437 245139710529827 4 6.6830760249868035
48 8832223 17685247 156200045314081 77 15.857197556993924
48 8834671 30513577 269577413828167 72 5.53791321197059
48 8846659 22324831 197500167089629 20 5.021096648008097
48 8863037 19744159 174993211750883 53 7.173423784959596
48 8925563 18432341 164519020832983 12 26.682111056987196
48 9007627 26481241 238533141425107 73 8.78484253300121
48 9073919 25740653 233568600329107 49 0.18425820401171222
48 9081133 26416337 239890269669821 45 4.558614109002519
48 9138137 22996877 210148612598149 30 11.67119352100417
48 9161473 24735779 226616171442467 17 9.016537930991035
48 9255739 24806923 229606404681097 3 15.375732315995265
48 9266221 28857623 267401112252683 46 5.685829833033495
48 9376363 18706967 175403313221021 18 3.132943107979372
48 9428323 21431149 202059795033127 14 5.696901457034983
48 9437411 25423571 239932688614681 44 11.74936852202518
48 9445859 28941359 273375996382381 3 3.1684758909977973
48 9445991 28022789 264703012688899 29 21.94591099198442
48 9518533 26146693 248878160161369 66 0.3319461719947867
48 9538447 24627767 234910650257849 20 9.904351937002502
48 9599489 27795529 266822874884681 2 12.584947531984653
48 9604459 28838977 276982772198443 10 0.3246512330370024
48 9607891 26666533 256209142411903 25 1.8359535310300998
48 9771743 16824583 164405501158169 31 11.020742216031067
48 9772201 28335253 276897787701853 77 1.6962492680177093
48 10074553 18348193 184849842832729 34 11.884108233032748
48 10172473 14525681 147762097779113 65 7.100684587028809
48 10195151 15684787 159908771867837 86 1.6711731549585238
48 10258289 21952033 225190298651537 32 16.097201450029388
48 10290569 22654043 233122992620467 97 4.432654292904772
48 10307251 15287917 157576397786167 8 6.564037755015306
48 10369873 17025301 176550209156773 29 11.330229845945723
48 10427663 15038651 156817984602613 31 4.27134425798431
48 10508779 14892149 156498302676071 83 4.234738065977581
48 10593911 19976503 211629294873233 94 20.54826286097523
48 10657639 24752261 263800662171779 72 12.087119103991427
48 10676719 17324933 184973441334827 4 7.748278483981267
48 10679381 24583079 262532066794099 44 1.499225368956104
48 10686301 19091203 204014341710103 11 3.3542130859568715
48 10754197 14001223 150571910382931 33 2.726985514978878
48 10754641 14111677 151766020042957 46 2.1676926258951426
48 10779089 16015177 172629018233753 5 13.257648223079741
48 10808089 17172851 185605701991739 2 16.089795685024
48 10808353 20751023 224284381695119 5 5.101980693987571
48 10830229 15778627 170886143715583 65 3.3681703240145
48 11023643 19766101 217894440925943 83 1.6893463640008122
48 11360927 12491321 141912986014567 85 5.976148847024888
48 11537369 17979799 207439575608831 77 0.295363768003881
48 11574571 21022849 243330458372779 17 15.884031484951265
48 11580787 23375423 270705794797901 50 8.423381710075773
48 11826821 20913401 247339050128221 21 24.923962175962515
48 11845331 21002921 248786551211851 58 17.343320935964584
48 11872303 19957363 236939860616989 57 2.8755724829388782
48 11921317 15641137 186462952417429 1 1.7886547700036317
48 11934397 15110969 180340303100693 20 3.2037713789613917
48 11959133 12905869 154343003851577 46 5.395312621956691
48 12028139 12822911 154235755892629 82 5.308450626092963
48 12073277 20038541 241930856168857 82 8.772320593940094
48 12279703 13627717 167344317328051 24 0.4156082801055163
48 12374407 17261471 213600467572697 49 15.029657510924153
48 12465449 21447119 267347968091431 23 12.563370908028446
48 12492173 18797659 234823608223007 1 7.419960923027247
48 12547609 13656989 171362558089301 19 7.3964600269682705
48 12627259 13758583 173733191013997 60 0.24828714202158153
48 12669193 17381911 220214785167823 1 15.019532275968231
48 12696289 17024617 216149457546313 90 2.3380634050117806
48 12702631 20325191 258183401277521 1 13.643508211011067
48 12776989 13373233 170869650935437 95 8.238188280025497
48 12812791 12871511 164919980297201 75 1.2300662810448557
48 12860461 15547223 199944455049803 17 10.106159827089868
48 12900803 17628659 227423856913177 83 19.335665031103417
48 12978859 16592717 215354534369903 3 1.7114551489939913
48 13047773 21045553 274597598203469 16 4.661771359969862
48 13158413 17973049 236496801611237 99 7.459582295035943
