105 3447730305956351 8162574378233689 28142355058459108106443311708839
105 3960166619268191 7671370106663209 30379903820459502177496483684919
105 3737184472534847 8927197401231089 33362583511134264242906252258383
105 5441530524356909 7227481548676619 39328561461350167305674979410671
105 4321560539018897 6369339961139917 27525488235658420182180924011549
110 23754044541978833 43648770122240183 1036834829686288178287053728046439
110 22323063621894947 31684798336852363 707301769120466503350357434709761
110 19485210380828639 46300876626356567 902182321881349072996352939322313
110 25290070948188493 37400853318852481 945870233956570309480452448701133
110 22796635652733223 44333967564399973 1010665305605718715179109437402979
115 163516519866095791 176109221296148729 28796766982674363593236329696899639
115 95756296504367791 225412176371911241 21584635196363580340126603071238631
115 93870798952642333 239925274594027499 22521977215073460699994186513515167
115 125372338734945317 286897528859870609 35969014170438447922248095310488053
115 123819271868616347 231913076749983407 28715308299993484264937516298954229
120 802948435479657371 1023938106526723501 822169500663635381048997070733575871
120 788915944934043317 920088192351438013 725872245691590526899850463382409121
120 736723675015765553 1635527113995985361 1204931546011051259800762423996069633
120 807871833933871913 1027754415670981619 830293844621750827707694410123367147
120 830799683930287549 1579868626415868599 1312554355477681170429269170669773851
125 2795983377153867367 7783971301057483877 21763854365999486610434791988798941859
125 5270334246748987303 5725050421327274113 30172929299885851606182102516237587239
125 4134938987140240927 6998143989194968469 28936898418543408067027981264828330763
125 5344449608627662447 6992498373298304401 37371055194503689262617058009282529247
125 3252313734395354039 8014323100190456003 26065093090631373081790943652037846117
130 32701483627804045121 32726976572392951517 1070220688569634650081494168121033398557
130 21027485122307003933 33404055798068943983 702403286318607732440942540533937685139
130 18668935909644826889 71913911258167691057 1342556200290618200790071813877598431673
130 22934873532120029437 42135355523167317479 966369050154757605457798679401804629323
130 21954810528463790491 53165412258652188461 1167236552806374938969460634892551724351
135 101706021734931533159 225407457247294824379 22925295746009017741708017045144120083261
135 128768106404572680911 185264255176966149923 23856127323591482345621561847846066219853
135 99319241621889145453 232767582930231527929 23118299810790784545820576512204312856837
135 126540735372960685873 196895347430091052009 24915282055318306660871473291116754568857
135 138855893503678216429 184675320927193635481 25643256695423996501692808416390451517349
140 631338266683976995471 1350401726711254781321 852560285468933192038223820674320712397191
140 603732564015436827583 2143610527855195790029 1294167480232501321159818080557385143569907
140 599005627207087599913 2239889468248217029549 1341706395802573167467005357413836610829237
140 595578053553512722751 1968202998939075164813 1172218511106320853149431707930487699760563
140 670268319919738834711 1865834768650990314011 1250609935631533871339765222373625116435821
145 5709299617701652560011 6647174767500177322939 37950712358884833629744741155899598024392329
145 5079128753045011703503 8620536595877171037659 43784815290796505710963056864180525755219477
145 4369447495583025748177 5664241450310244483233 24749605619435663339522307209939706556816241
145 5487356363737098562069 6431500482155166465427 35291935099132370414727721357806570902088463
145 4675036043509506327137 6681475923853312062563 31236140767855211595225490875558172088672131
150 21628861681832802075737 56067767661610536365077 1212681991562112458023000049207743048435836749
150 20677209403159565375417 40682940312159125865571 841209675970756021223822269252695391690068107
150 23328722580031689280459 45981331511441815496243 1072685726690895324833542313325660576687815537
150 33074613942867517510859 39369732514823833732663 1302138703961757025202670171146193484605487517
150 25452037179174254559343 48118552439913121130977 1224715185708714799707197231001765178922068111
155 99726143629452212934587 257570404867989397580593 25686503190561268116219517816810319238369670091
155 194064662998763230838137 199230674600291294375669 38663633725321787390405197537866348445010088653
155 129597781514076496505041 211181715396286497206933 27368681811695822055128853237382832382654649253
155 130048308929798685417463 258280709290174840260631 33588969472376182966759830199172020409958799153
155 141103543450020672698251 301660734626739807493217 42565398575569336099804894118934847103770263467
160 1082572602700945716917771 1294158927620320852717621 1401020998582595570927733246638754886981139742791
160 989004676407704377799017 1459430642745618303726673 1443383730568118243038289596798303693936496080441
160 928614526788967382399159 959982391591269669496619 891453594293268064520827967931526360288058943421
160 922300588636766530951351 1035568636270107757469189 955105562805693959616932323717072346620240424339
160 627950849087919339441917 1301608190629401067008229 817345968485522776721649013092052232569706534993
165 2899029290311578652319573 8466192073267683314352227 24543738797806724655218779851407962501675488239071
165 3872513894424689757981301 7703858915273592831891673 29833300690084507031048940181114570376221591606573
165 5126601394019779571512421 6225892142442207304747361 31917667336461012011814859350724581373268078470981
165 4774279907158685088704093 8749683547851075151037761 41773438356502305431870063550062374451927598255773
165 5196031341902694437042839 8752306721242058027882161 45477260037519342548774215990639607150094800895079
170 26673593405489935616643103 38375138522588684950176493 1023602841830884337570479441255815665464188041177779
170 22956127634969359871830477 62271791471808222808726613 1429519193085026051367604306605263006705469774384401
170 19573489932021063103944947 51130404455659357828407217 1000800456833013345899710779831654784739494265482499
170 28314357065709364122910319 50365715584464418275814769 1426072854928488337509255210022091147226739242701311
170 26033407267873027036273013 32444249351984481277734269 844634356880637542622858398135764003847774749982497
175 105604281144430130004473771 239991050077775066343325687 25344082324560368523557436267288698442079156502055677
175 167478848332242061875373931 219747346975419918687624019 36803032595508923948813671633173025862948957562048689
175 162584018548629200261277389 224845048917607523648116043 36556211603787741512115533325017530083791114484051727
175 117814115929042658015158571 233667359153443790923618607 27529313340137073869209271408622688224762234231130597
175 126342528152483740677285961 226214947024375633152057067 28580568312939796433422373740907367393965009749936387
180 716047740340776733029211031 1292852509961664748870769399 925744118351951584699933603323472492778464726908040369
180 853805658671938134007497073 1125504958244112192187830143 960962502212146436335487430575507118721395354293671439
180 631839813976186151462987803 1788722707910785175646096901 1130186223021330462333285448821366933437573560719098503
180 843387076180937747839972513 1268103563501104772119795339 1069502156715824879335493979134221000453518060945516907
180 640634886199717515672164969 1219602876403491294953230939 781320149933598792326287226300192836122204915562775891
185 4583020788815241037173251573 9191271957391222073644670113 42123790456378523095723032075785498477096288121143337749
185 6016282843915506345455122349 7149915433253116415342536223 43015913556527428914517701022944180304069989660429347827
185 4013534468139877735310387137 8159919515030923688567805661 32750118230823847372022143692484610267940898664490182557
185 4883330560641694802620916747 6119569574016939153377399203 29883881118769996915272148088940875074856071582447152641
185 3025564649215071912686580637 8125073703058888980563653099 24582935768241972806845350690997373805494328851758444063
190 24569362409975662175587325983 51068840602289985265116263557 1254728852614942419416664038863783991789785781577902101531
190 21631175973105576111385443893 39900091045557557392415481011 863085890749389580311901422438185621361239279895347415823
190 31294450535590863425910512779 48865514205673176621382363259 1529219417205651887286611673035988266566099588467539586761
190 36750550183787474474249320559 38392856458298455025364806623 1410958597969646412655466070920553800758318954068173262257
190 32594276702295051689211411917 41268976029719278028157913147 1345132423933052004523041908977340184566526499680126772799
195 150514604958215466458543139077 262954173354570311240779309967 39578443524577257864732852589826944632043193186062173280459
195 123590833398795046931891309903 295857549713347646398922610197 36565281136398072260121136703495081150866736166406194880891
195 122313721967390656454370627821 251813708223850562036397713393 30800271895269691693493284514953935867715993095626230106653
195 196278880559937354780745753447 230272044667250042803400616973 45197539151535730652337253726005686983913124234369541455931
195 147786673647804860902611060083 262326503654669404345836821921 38768361384782316394244370692744397649880277041849502479443
200 714180817533237449812687849009 2188083260640199804945871107763 1562687091914809777621093797900791366714787566830672511756867
200 937927491849888499897036064177 1275389768558443142172690117563 1196223126755030360388350784843631606497978395451976942840651
200 955350441685221732059882923597 1198519421814170348812538510383 1145006058998484216910097727746272488434223326648885380207651
200 844509051018654856707187442929 1274837315796738958298659183439 1076611651766673234018692873623922180685276082009489554452831
200 753519073171176731888660773639 1159237119154552738465966477603 873507279610963544759388878929120380584858059851521746307317
205 5465495040815950256184864113629 6027743342912000087146640463619 32944601347996894357645186893422800841447816181516072056563351
205 5114665880085641206610654220833 8750126175628043296709099337419 44753971796929011984517001583946530555926647776266796006250027
205 3339115087641212124005687057489 9832905247680395664494057389423 32833202267876058976453310125484247642893061024924513861538847
205 4051319683877499469348211637649 6811940703279540225069805335767 27597349456602738317374832539691015158737236169032065383491783
205 4694379017555302443516851591107 8880352161706316298917210962321 41687738856416003404687727595369922055727400157345391475679347
210 27357524036921596962170764598009 43671704830005280841601303268751 1194749714620214475135189137291020969971020786891000762206516759
210 29521823331609643945013886540347 29766550487876792675284288579079 878762844694537527923541854596439591993867455369703571833600413
210 22232811794176840347994824632261 58670537738339578463052573868619 1304411023399653584341035119937627447319903748745151434802917559
210 25445306470116220687971957556367 45500682856620361527078139565177 1157778819886268288163490738310577270896211721249833016847831959
210 35536827678819241949089683933239 40556469335004471509925781848703 1441248262019370718393898036978535440917376930187310957850739017
215 140370869114215578491012552963479 287227731221112206522501721841313 40318406265211833056151432808470558129248372067704671618722407927
215 163045107400391631014121201046501 276706843332321119246712811816807 45115696989541637760537010717517357068500492513248699287500342307
215 125293584631048050909354747446353 250038721926707544066030327749569 31328247766763021639585809849065688957830458191991232236046371857
215 96093587349310305402904299976139 283333283565686809546409378813629 27226511633286231461038065432750519405840819468598148516827998431
215 183654814391603109510252095061673 249587734333081603029158469715859 45837989023362848711595396974264131980749327968759399777391172107
220 826142529113917420387866206984729 1418977077686048937118777328798801 1172277311714228145208576197632382276262278126693461961429720509929
220 742197569865566760927432390584429 1904113908100336540249133393872393 1413228715339296896126060427076416429879304625245825575256718768597
220 760180251754407111282197657989591 1785182309593054711767158386180907 1357060337533962267940069373184565487531820404630204168074048939037
220 1033778407980722987212317800790371 1265319226049829413127195228977021 1308059695093193204473143480445099018262726923751378769595597064791
220 865475713549127566742652631235717 1306451927001324156072361234445489 1130702413739103743661336892746795850320428557490033005031346330613
225 4108408056717962641271883119839097 8714505682346709441800800369608581 35802745355667687572862148967014572353370116384694680999181590491357
225 3857911234662285327624032657484661 9991774543744860432124960737667603 38547379266525927168106514839036704926259486877202690878989889137583
225 5792703629281624892599668979398067 6027522233245673584147840845842783 34915649916097898121022564278740397864997781263056452638110656100461
225 6287416608226998611035440511513859 6862685056694055036597657008977571 43148560002489443187813380306166161073498386240005813136754986656489
225 3939359911187715509823856610420837 7822751375581054159201042264978861 30816633164152560848568870872776502248413565844943144168788118926657
230 37075260915106209079069175693294479 37939140774016028966267348910174253 1406603543091588807518843750423835300718583839818734528341751532849187
230 22898952542892102640789933253623133 53744581487153822917215339316534603 1230694620911932856708025733433053914994803626811334041669183715771199
230 23109047308013146385075994799962929 52222634253169582016737293367394873 1206815325505563658630943163674090676253163901134538136692237704663017
230 37943591747033362758614155597969157 44473091632453697875829364552580991 1687468832630228633101909283471069560256564358607299353880142362494587
230 23684337996892722518692088619419843 56494112381839562643522662887857937 1338025652485930380190795732000833913556836197697130002841345942843891
235 182161332037651699193977813523774063 255673778962819464489338857967509997 46573876142967324344200317453582631211425432522055351095119194121807811
235 145949988614857667003600112519937487 316737655773926247493995348867735923 46227857254101242615979314403611810214770481016642552789202287184245501
235 127084210084428960361117663796079689 238086290701878347778877297095653381 30257008185779933343778300017961923436935362584895275845836949798278509
235 145989669714565638531685471801367471 267500932783926065590575921366312703 39052372825463589678608073137725366707920447872906394566654988398284113
235 121240300301872803362133636656815961 308157736714240524686277239603575669 37361136539579975344779737476208135299232904712277671258752296070452909
240 845506187870999137755127284155675131 1851911505492688170397434019779668137 1565802637283565655815671774513605031071920498867591710807206336364000947
240 1078148016742401736170825266321952799 1581862375226331470147790883260735343 1705481782609694199249537905452316451983345859541011728856052228477075057
240 668321176273864706777444747537786707 1332324029844494963559303569175588251 890420362803608500937937065027055864891303966101724278055153807293179457
240 1118537446107122189386995874189884037 1510882657034063434290224090751977147 1689978828566424306921306554540647328233134263138143476217931264404102439
240 771278278207084254298078414477116787 2284765064015875407613791700121952431 1762189664681863018574942302197960214026966392168844294065377886045559197
245 6503753878210503445762964063661133931 6666162353037869806680656588598636803 43355079256350900981388250723351036581504967754837214298559477119808662593
245 5802316988884102319442712825829082151 6514260453599808347094381416870967583 37797804099938026502371458845683434175209827104191338041267161468164911033
245 4537554885520313334918113181153222379 7775906728731520487909252982916659571 35283603566305988605428707788354123591243254037454069168780242289201739409
245 5308529536949942922984915024962134231 9030294649335294664474341318815272549 47937585873357438988229858856343331167326667067991007396174734260987524819
245 3264811466150752794648365036457959771 9130453805505582740580538737594156973 29809210275374401886046812562179607022464699290351778628514045246293133183
250 33000314426711778280962555080097021467 48510457990999917336225013642498224953 1600860366686790240632973974507371522010005133119594674225183102569836066051
250 21792576976830852563525004816218806801 51861663812240704454516466151475733541 1130199300774778559192588342813040896359111562325349859159586920141234612341
250 26909258262190999302435578867146049879 52227038593125386020272475661962600357 1405390869771827478107519420231000205791555460992503781891335938203665206803
250 38522958475652858398436157073986196937 41248225580972982786230545642633168783 1589003681250184216461976457767369575560852957592551066431711779827398617671
250 23052642950487281943527440668493705501 72195461020575851696812283321507275817 1664296185553157257118731006801553606776366075554922137194977419438377169317
255 156527647680088989989802889714909990097 214589470044942681400673012640937455043 33589184963051798114830141194695390593151612594848003753136771028587512709171
255 138468301757627845617447166140189812011 314491681015628722703349869780265473099 43547128987135718432013181196650625693620492701949466712083533985422787592089
255 175306636691946441826308574613483046463 291685711171241068815092780865617403547 51134440996528781695535024794104407965530767748033573420941550917405622004261
255 120072476472813802049400103587373516843 288469383952971505623079291970528790463 34637233317820262439263717551603425972067124535780399251113524853635348268309
255 142920740966118137228095832916677440657 327884059816617429352886654710733300819 46861432779969964396828262039495500475861481557156932118661561270462601998083
260 919346680070228348597000125250380562293 1891148936506692311698288120263519297949 1738621496295770641303184389004198348322247790524971513384567212780527221637057
260 1282488442291052469588316362267579815263 1386878278229140357045995337897015848863 1778655362693387083404225715460278192840534007371905380514864760163744668595969
260 747265842297594368272359591854096849371 1403095579779476740566519455513961995099 1048485400247942203549069217354641341657773749747671998808556978024489243232729
260 874944356982529264577905212913801414013 1800544419573520095950642079737367977081 1575376179402234919408014642160297934010058947372876511420272399303523176236053
260 1008460213530349851486504536191391573677 1796384817616823799921710073516067811363 1811582616756540702888211163959922558871843345681166696391875421529809752291751
265 3571081459911063245799141195294742473263 9936085561882433181417838736971106181743 35482570934128356634514220420681265500102225908719149172947940156260920196237409
265 5468486040042999294307703740130001056993 7178488872978803056983858682399969830817 39255466190488587688759347793149550191439995373124254575279294519577521384753281
265 4160061159527012206622676285251747236961 10128432996615459179843458711205401990607 42134900716091758016193006994531779519484374420687727847540417655867601525225327
265 4605437790746921458967023670902455994693 10501165450440454084549036211880457840469 48362464212344385204839072747925099638190377093834470022899662185658702104631017
265 5612856923698024302787985246637959140873 8229849597913850806589183814048407108669 46192968296644158884987030818208153123202648314018402998935289884654621190528037
270 30224645500994417506681984938195612504263 54561808949399717235282250719102699228917 1649111333388591109252166999341410936634929427556733119813066319620597333475373171
270 24068435245425026261769577391019468778763 48994773043796321826004190061037014669617 1179227522368907386071415615106637009078953484820299084072518910934203758910943771
270 27989462228534119215435631363001658674119 54116354180756355173329311803334075926239 1514687651288254472232115499388536924330801442979874357111030254483406633582308441
270 26917170350724116543479220680926857936479 59976176941405547535504068862291084368369 1614388971716984833386094417680101267580153799237289103892125594344825784438832751
270 24480426588859420637327310958385486194327 62751581529685169118541714443721779644743 1536185484972284529550363852799186359322599909279439706175185007647049673121972961
275 122969578524567608231059835356570584431191 340439811561306952420458405582733084750567 41863740140677134764957348894208706981127324053856166592716903883700431067809735297
275 115825501716349082531988320026858159400491 306056209065040305563662332423774352923511 35449113968362119544064306725640882465744297312221851699812983517191587652938843901
275 174236797003668469261752366714081624615907 289182350381912087011254290785509952348021 50386206480536945339843597855306252075761353673774518809416531083354527086916570047
275 131384114141038652396653130805114322224061 326054719878940776017361941603317962902929 42838410532799139414807583005960731551325898917121970440163742668363859735131174669
275 140234062706469679883641997029894670437619 259492345879994746125284627853737997862991 36389665903984102313902619814275064124360893898697389506685338902326790044774258429
280 711080318540218268718510667201344728643673 1506997496691289482692152205084156104662163 1071596259986553651808488997940628082424981170800276683546791861098597753482872444699
280 1266253139139516090300353341876270466166761 1389884609764526643012237049804921770297211 1759945750156033179286356645026646300058806500786656499427779558246351600806859203571
280 927442465334782459347898593418121712227809 1485282379348502319768952508764904382196091 1377513951621286573289125620380376283751623083393697399889045436869318991031501294619
280 1316631165913573254210786293585658485546711 1364725770361786325595390428604434780583523 1796840482183738164484467596265584046873807066938145741905866624540851639470253442853
280 809451470019682435880528032832471132250491 1897677524144267631611933857259310292115459 1536077861541888842672587065868270939424037404590200245628324610302036722811881440369
285 5364421420040081972625830250236552438738437 10084486712411697138182551322830352258437859 54097436530170894106971612726341390282479096270725234893767931445743908448614319286383
285 3752110323018652996946091688184191509511681 9579935926393065038762153618323158851125387 35944976483276682003128635622915498084994146257479547005310420290495959623841672145547
285 4496026802455729049492612485882762166556683 10359259489561574283797036719669535256745397 46575508318662692689890653664167591769865939948633779447621915568155273661580699838151
285 5346672176024935264468258814643785714007143 7268910305301650359062962708780453144599991 38864480479377251462541100721813518809000072104188884832797971129639343227140451735713
285 6634197194085935371099527624835925801869651 7652506384771477172841829204948574886715997 50768236385575639167319157742881342586781931667389902293781699580100415150546050507047
290 31669840117211894482909052883290957939932957 37756821552291043493074701823724630584049999 1195752501895157564655881097565024257921723206507345919310585097814725331157795595917043
290 32353172893080232277091797754827524371364121 57758444921089357434487388404599485752367789 1868668954567455814537545577915571631534812497921833306629899781519568691704523630698469
290 26103042092973354175663323159933936273964367 75531618180410210384847609633777023858380297 1971605008713639187452762726413139387011839502409724328962582105564422644564047712876999
290 27042297226265067100891829870684903892250873 71328683525696577412369074783393261055109791 1928891460660083342428789706962610722349204871211207494372389096104608109923885130597543
290 31519999354715478203736151113316529654478661 48938415055932323401473885678228345891184859 1542538810983785076780088631189899694364180069561703273129511153092153590341929221793799
295 192734377636947732321816169971518945902405463 282641293357024209525372652885358814321026257 54474693769668030461051938976929842950191677452769899685762050486314260276435595083241991
295 217194849869543215875526803212847120091956499 246756566518320561914102170791631844827720213 53594255419270588567272377618619111478604035135700913059591291492534705450104968939014287
295 157038276981911244457628265909635048034831887 333658540656015017335306524508107450944661539 52397162324919580231910511661048953574143871151871145597594522606033808687181365979694093
295 112608351570081937154520672500749027455467711 334365904131660437561053420362892845177382501 37652393285506331111488417128793223122021674572786437527717543504804195313796323701925211
295 146266273380442083440713690537517788221233917 334247392713971168710229995148360803432238899 48889120519401692345429174984740407106867431044230872463402937824190027550616667705537383
300 864800011375612773620325098121815654105213377 1481776103666704270210093302368457852865055801 1281439991307077025394004825805433126162809214974451936658889351676253593127410500116649977
300 1190668692327186895648806295917219529627366579 1342941959731352514074425961750704813659435791 1598998947064639180164933812284119572507794703830551497078478323964169337411115142269828989
300 883824411926181739995233519473151847139484767 1253821803324867279726510891978859738888474757 1108158317983825524604842775384781300747234990139409277261251469851432860891965919465526619
300 967749148976287219854430023536494216533031169 1095461018531276792271356628230063993553250279 1060131468420339919313580829666631390397776666141238427764722627223275891112383723964946151
300 948813351024854542459202999814553519953251399 1996535217408676187961559043334694354971636863 1894339270068662559706090729638301932312167111439009065158419851340033108060886341974721337
