#n time
4 0.021412958994915243
5 0.001131018994783517
6 0.0010097260019392706
7 0.0012332509941188619
8 0.0011609969951678067
9 0.0024813110067043453
10 0.003481907995592337
11 0.004352547999587841
12 0.008181001001503319
13 0.008719952995306812
14 0.008915129998058546
15 0.010121965999132954
16 0.01740380499541061
17 0.01140505099465372
18 0.04220056200574618
19 0.02874058399902424
20 0.010874491999857128
21 0.024238650003098883
22 0.042663622996769845
23 0.0257480479995138
24 0.14232332400570158
25 0.14485648399568163
26 0.545812684998964
27 0.04315316200518282
28 0.9237491489984677
29 2.4702909240004374
30 0.08153435100393835
31 1.9039577290022862
32 3.0255157459978363
33 0.22690803699515527
34 13.206995436004945
35 7.91126025399717
36 42.852374612004496
37 28.72300258500036
38 14.416514498996548
39 41.62665057299455
40 45.92184104199987
41 5.866809169005137
42 31.58916642999975
43 81.37452458700136
44 64.34023308299948
45 54.865893802001665
46 787.6116952449956
47 332.4877100090016
