#bitsize(pq) p q pq std
3 2 2 4 0.0
3 2 3 6 0.0
4 2 5 10 0.0
4 2 7 14 0.0
4 3 3 9 0.0
4 3 5 15 0.0
5 3 7 21 0.0
5 5 5 25 0.0
6 5 7 35 0.0
6 5 11 55 0.0
6 7 7 49 0.0
7 5 13 65 0.0
7 7 11 77 0.0
7 7 13 91 0.0
7 11 11 121 0.0
8 11 13 143 0.0
8 11 17 187 0.0
8 11 19 209 0.0
8 11 23 253 0.0
8 13 13 169 0.0
8 13 17 221 0.0
8 13 19 247 0.0
9 11 29 319 0.0
9 11 31 341 0.0
9 13 23 299 0.0
9 13 29 377 0.0
9 13 31 403 0.0
9 17 17 289 0.0
9 17 19 323 0.0
9 17 23 391 0.0
9 17 29 493 0.0
9 19 19 361 0.0
9 19 23 437 0.0
10 17 31 527 0.0
10 17 37 629 0.0
10 17 41 697 0.0
10 17 43 731 0.0
10 17 47 799 0.0
10 17 53 901 0.0
10 17 59 1003 0.0
10 19 29 551 0.0
10 19 31 589 0.0
10 19 37 703 0.0
10 19 41 779 0.0
10 19 43 817 0.0
10 19 47 893 0.0
10 19 53 1007 0.0
10 23 23 529 0.0
10 23 29 667 0.0
10 23 31 713 0.0
10 23 37 851 0.0
10 23 41 943 0.0
10 23 43 989 0.0
10 29 29 841 0.0
10 29 31 899 0.0
10 31 31 961 0.0
11 17 61 1037 0.0
11 19 59 1121 0.0
11 19 61 1159 0.0
11 23 47 1081 0.0
11 23 53 1219 0.0
11 23 59 1357 0.0
11 23 61 1403 0.0
11 29 37 1073 0.0
11 29 41 1189 0.0
11 29 43 1247 0.0
11 29 47 1363 0.0
11 29 53 1537 0.0
11 29 59 1711 0.0
11 29 61 1769 0.0
11 31 37 1147 0.0
11 31 41 1271 0.0
11 31 43 1333 0.0
11 31 47 1457 0.0
11 31 53 1643 0.0
11 31 59 1829 0.0
11 31 61 1891 0.0
11 37 37 1369 0.0
11 37 41 1517 0.0
11 37 43 1591 0.0
11 37 47 1739 0.0
11 37 53 1961 0.0
11 41 41 1681 0.0
11 41 43 1763 0.0
11 41 47 1927 0.0
11 43 43 1849 0.0
11 43 47 2021 0.0
12 37 59 2183 0.0
12 37 61 2257 0.0
12 37 67 2479 0.0
12 37 71 2627 0.0
12 37 73 2701 0.0
12 37 79 2923 0.0
12 37 83 3071 0.0
12 37 89 3293 0.0
12 37 97 3589 0.0
12 37 101 3737 0.0
12 37 103 3811 0.0
12 37 107 3959 0.0
12 37 109 4033 0.0
12 41 53 2173 0.0
12 41 59 2419 0.0
12 41 61 2501 0.0
12 41 67 2747 0.0
12 41 71 2911 0.0
12 41 73 2993 0.0
12 41 79 3239 0.0
12 41 83 3403 0.0
12 41 89 3649 0.0
12 41 97 3977 0.0
12 43 53 2279 0.0
12 43 59 2537 0.0
12 43 61 2623 0.0
12 43 67 2881 0.0
12 43 71 3053 0.0
12 43 73 3139 0.0
12 43 79 3397 0.0
12 43 83 3569 0.0
12 43 89 3827 0.0
12 47 47 2209 0.0
12 47 53 2491 0.0
12 47 59 2773 0.0
12 47 61 2867 0.0
12 47 67 3149 0.0
12 47 71 3337 0.0
12 47 73 3431 0.0
12 47 79 3713 0.0
12 47 83 3901 0.0
12 53 53 2809 0.0
12 53 59 3127 0.0
12 53 61 3233 0.0
12 53 67 3551 0.0
12 53 71 3763 0.0
12 53 73 3869 0.0
12 59 59 3481 0.0
12 59 61 3599 0.0
12 59 67 3953 0.0
12 61 61 3721 0.0
12 61 67 4087 0.0
13 37 113 4181 0.0
13 37 127 4699 0.0
13 41 101 4141 0.0
13 41 103 4223 0.0
13 41 107 4387 0.0
13 41 109 4469 0.0
13 41 113 4633 0.0
13 41 127 5207 0.0
13 43 97 4171 0.0
13 43 101 4343 0.0
13 43 103 4429 0.0
13 43 107 4601 0.0
13 43 109 4687 0.0
13 43 113 4859 0.0
13 43 127 5461 0.0
13 47 89 4183 0.0
13 47 97 4559 0.0
13 47 101 4747 0.0
13 47 103 4841 0.0
13 47 107 5029 0.0
13 47 109 5123 0.0
13 47 113 5311 0.0
13 47 127 5969 0.0
13 53 79 4187 0.0
13 53 83 4399 0.0
13 53 89 4717 0.0
13 53 97 5141 0.0
13 53 101 5353 0.0
13 53 103 5459 0.0
13 53 107 5671 0.0
13 53 109 5777 0.0
13 53 113 5989 0.0
13 53 127 6731 0.0
13 59 71 4189 0.0
13 59 73 4307 0.0
13 59 79 4661 0.0
13 59 83 4897 0.0
13 59 89 5251 0.0
13 59 97 5723 0.0
13 59 101 5959 0.0
13 59 103 6077 0.0
13 59 107 6313 0.0
13 59 109 6431 0.0
13 59 113 6667 0.0
13 59 127 7493 0.0
13 61 71 4331 0.0
13 61 73 4453 0.0
13 61 79 4819 0.0
13 61 83 5063 0.0
13 61 89 5429 0.0
13 61 97 5917 0.0
13 61 101 6161 0.0
13 61 103 6283 0.0
13 61 107 6527 0.0
13 61 109 6649 0.0
13 61 113 6893 0.0
13 61 127 7747 0.0
13 67 67 4489 0.0
13 67 71 4757 0.0
13 67 73 4891 0.0
13 67 79 5293 0.0
13 67 83 5561 0.0
13 67 89 5963 0.0
13 67 97 6499 0.0
13 67 101 6767 0.0
13 67 103 6901 0.0
13 67 107 7169 0.0
13 67 109 7303 0.0
13 67 113 7571 0.0
13 71 71 5041 0.0
13 71 73 5183 0.0
13 71 79 5609 0.0
13 71 83 5893 0.0
13 71 89 6319 0.0
13 71 97 6887 0.0
13 71 101 7171 0.0
13 71 103 7313 0.0
13 71 107 7597 0.0
13 71 109 7739 0.0
13 71 113 8023 0.0
13 73 73 5329 0.0
13 73 79 5767 0.0
13 73 83 6059 0.0
13 73 89 6497 0.0
13 73 97 7081 0.0
13 73 101 7373 0.0
13 73 103 7519 0.0
13 73 107 7811 0.0
13 73 109 7957 0.0
13 79 79 6241 0.0
13 79 83 6557 0.0
13 79 89 7031 0.0
13 79 97 7663 0.0
13 79 101 7979 0.0
13 79 103 8137 0.0
13 83 83 6889 0.0
13 83 89 7387 0.0
13 83 97 8051 0.0
13 89 89 7921 0.0
14 67 127 8509 0.0
14 67 131 8777 0.0
14 67 137 9179 0.0
14 67 139 9313 0.0
14 67 151 10117 0.0
14 67 157 10519 0.0
14 67 181 12127 0.0
14 67 191 12797 0.0
14 67 193 12931 0.0
14 67 197 13199 0.0
14 67 223 14941 0.0
14 67 227 15209 0.0
14 67 229 15343 0.0
14 67 233 15611 0.0
14 67 239 16013 0.0
14 67 241 16147 0.0
14 71 131 9301 0.0
14 71 137 9727 0.0
14 71 149 10579 0.0
14 71 151 10721 0.0
14 71 157 11147 0.0
14 71 167 11857 0.0
14 71 179 12709 0.0
14 71 181 12851 0.0
14 71 199 14129 0.0
14 71 227 16117 0.0
14 73 113 8249 0.0
14 73 127 9271 0.0
14 73 131 9563 0.0
14 73 139 10147 0.0
14 73 151 11023 0.0
14 73 157 11461 0.0
14 73 163 11899 0.0
14 73 167 12191 0.0
14 73 181 13213 0.0
14 73 191 13943 0.0
14 73 193 14089 0.0
14 73 197 14381 0.0
14 73 199 14527 0.0
14 73 211 15403 0.0
14 73 223 16279 0.0
14 79 107 8453 0.0
14 79 109 8611 0.0
14 79 113 8927 0.0
14 79 127 10033 0.0
14 79 137 10823 0.0
14 79 139 10981 0.0
14 79 149 11771 0.0
14 79 157 12403 0.0
14 79 163 12877 0.0
14 79 167 13193 0.0
14 79 191 15089 0.0
14 79 197 15563 0.0
14 79 199 15721 0.0
14 83 103 8549 0.0
14 83 107 8881 0.0
14 83 109 9047 0.0
14 83 113 9379 0.0
14 83 127 10541 0.0
14 83 149 12367 0.0
14 83 157 13031 0.0
14 83 173 14359 0.0
14 83 179 14857 0.0
14 83 181 15023 0.0
14 83 193 16019 0.0
14 89 101 8989 0.0
14 89 103 9167 0.0
14 89 107 9523 0.0
14 89 131 11659 0.0
14 89 149 13261 0.0
14 89 151 13439 0.0
14 89 157 13973 0.0
14 89 163 14507 0.0
14 97 97 9409 0.0
14 97 103 9991 0.0
14 97 107 10379 0.0
14 97 127 12319 0.0
14 97 137 13289 0.0
14 97 139 13483 0.0
14 97 149 14453 0.0
14 97 151 14647 0.0
14 97 157 15229 0.0
14 97 163 15811 0.0
14 101 107 10807 0.0
14 101 127 12827 0.0
14 101 137 13837 0.0
14 101 139 14039 0.0
14 101 149 15049 0.0
14 103 107 11021 0.0
14 103 113 11639 0.0
14 103 151 15553 0.0
14 103 157 16171 0.0
14 107 107 11449 0.0
14 107 127 13589 0.0
14 107 137 14659 0.0
14 109 109 11881 0.0
14 109 113 12317 0.0
14 109 149 16241 0.0
14 113 127 14351 0.0
14 113 139 15707 0.0
15 67 251 16817 0.0
15 73 229 16717 0.0
15 79 227 17933 0.0
15 79 229 18091 0.0
15 79 239 18881 0.0
15 79 241 19039 0.0
15 83 199 16517 0.0
15 83 211 17513 0.0
15 83 233 19339 0.0
15 89 191 16999 0.0
15 89 193 17177 0.0
15 89 211 18779 0.0
15 89 233 20737 0.0
15 97 179 17363 0.0
15 97 181 17557 0.0
15 97 191 18527 0.0
15 97 197 19109 0.0
15 97 251 24347 0.0
15 101 173 17473 0.0
15 101 191 19291 0.0
15 101 193 19493 0.0
15 101 199 20099 0.0
15 101 233 23533 0.0
15 101 239 24139 0.0
15 103 167 17201 0.0
15 103 181 18643 0.0
15 103 197 20291 0.0
15 103 239 24617 0.0
15 107 223 23861 0.0
15 107 227 24289 0.0
15 107 239 25573 0.0
15 109 179 19511 0.0
15 109 227 24743 0.0
15 109 233 25397 0.0
15 113 149 16837 0.0
15 113 181 20453 0.0
15 113 197 22261 0.0
15 113 229 25877 0.0
15 113 233 26329 0.0
15 113 241 27233 0.0
15 113 251 28363 0.0
15 127 149 18923 0.0
15 127 163 20701 0.0
15 127 173 21971 0.0
15 127 179 22733 0.0
15 127 191 24257 0.0
15 127 193 24511 0.0
15 127 211 26797 0.0
15 127 223 28321 0.0
15 127 233 29591 0.0
15 127 241 30607 0.0
15 131 149 19519 0.0
15 131 157 20567 0.0
15 131 173 22663 0.0
15 131 181 23711 0.0
15 131 191 25021 0.0
15 131 193 25283 0.0
15 131 197 25807 0.0
15 131 199 26069 0.0
15 131 211 27641 0.0
15 131 227 29737 0.0
15 137 139 19043 0.0
15 137 151 20687 0.0
15 137 157 21509 0.0
15 137 163 22331 0.0
15 137 229 31373 0.0
15 137 233 31921 0.0
15 139 139 19321 0.0
15 139 157 21823 0.0
15 139 163 22657 0.0
15 139 173 24047 0.0
15 139 179 24881 0.0
15 139 181 25159 0.0
15 139 199 27661 0.0
15 139 211 29329 0.0
15 139 227 31553 0.0
15 139 229 31831 0.0
15 139 233 32387 0.0
15 149 157 23393 0.0
15 149 163 24287 0.0
15 149 173 25777 0.0
15 149 179 26671 0.0
15 149 181 26969 0.0
15 149 197 29353 0.0
15 149 199 29651 0.0
15 149 211 31439 0.0
15 151 179 27029 0.0
15 151 181 27331 0.0
15 151 211 31861 0.0
15 157 163 25591 0.0
15 157 179 28103 0.0
15 157 181 28417 0.0
15 157 191 29987 0.0
15 157 197 30929 0.0
15 157 199 31243 0.0
15 163 179 29177 0.0
15 163 197 32111 0.0
15 163 199 32437 0.0
15 167 173 28891 0.0
15 167 181 30227 0.0
16 131 251 32881 0.0
16 131 257 33667 0.0
16 131 263 34453 0.0
16 131 269 35239 0.0
16 131 311 40741 0.0
16 131 359 47029 0.0
16 131 373 48863 0.0
16 131 401 52531 0.0
16 131 419 54889 0.0
16 131 487 63797 0.0
16 137 271 37127 0.0
16 137 281 38497 0.0
16 137 293 40141 0.0
16 137 313 42881 0.0
16 137 331 45347 0.0
16 137 349 47813 0.0
16 137 373 51101 0.0
16 137 389 53293 0.0
16 137 431 59047 0.0
16 137 439 60143 0.0
16 139 241 33499 0.0
16 139 257 35723 0.0
16 139 263 36557 0.0
16 139 293 40727 0.0
16 139 317 44063 0.0
16 139 353 49067 0.0
16 139 359 49901 0.0
16 139 383 53237 0.0
16 149 241 35909 0.0
16 149 251 37399 0.0
16 149 257 38293 0.0
16 149 311 46339 0.0
16 149 349 52001 0.0
16 149 379 56471 0.0
16 149 389 57961 0.0
16 149 421 62729 0.0
16 149 439 65411 0.0
16 151 271 40921 0.0
16 151 283 42733 0.0
16 151 307 46357 0.0
16 151 313 47263 0.0
16 151 337 50887 0.0
16 151 347 52397 0.0
16 151 433 65383 0.0
16 157 251 39407 0.0
16 157 263 41291 0.0
16 157 277 43489 0.0
16 157 311 48827 0.0
16 157 347 54479 0.0
16 157 389 61073 0.0
16 167 199 33233 0.0
16 167 233 38911 0.0
16 167 239 39913 0.0
16 167 293 48931 0.0
16 167 307 51269 0.0
16 167 379 63293 0.0
16 179 193 34547 0.0
16 179 227 40633 0.0
16 179 229 40991 0.0
16 179 241 43139 0.0
16 179 349 62471 0.0
16 181 199 36019 0.0
16 181 227 41087 0.0
16 181 307 55567 0.0
16 181 347 62807 0.0
16 191 199 38009 0.0
16 191 257 49087 0.0
16 191 269 51379 0.0
16 191 317 60547 0.0
16 191 331 63221 0.0
16 193 211 40723 0.0
16 193 233 44969 0.0
16 193 271 52303 0.0
16 193 281 54233 0.0
16 193 283 54619 0.0
16 193 293 56549 0.0
16 193 311 60023 0.0
16 193 317 61181 0.0
16 197 211 41567 0.0
16 197 269 52993 0.0
16 197 277 54569 0.0
16 199 211 41989 0.0
16 199 229 45571 0.0
16 199 239 47561 0.0
16 199 263 52337 0.0
16 211 227 47897 0.0
16 211 257 54227 0.0
16 211 271 57181 0.0
16 211 293 61823 0.0
16 223 263 58649 0.0
16 227 227 51529 0.0
16 227 233 52891 0.0
16 227 251 56977 0.0
16 229 251 57479 0.0
16 229 257 58853 0.0
16 229 271 62059 0.0
16 233 263 61279 0.0
16 233 281 65473 0.0
16 241 251 60491 0.0
16 241 263 63383 0.0
17 137 487 66719 0.0
17 139 509 70751 0.0
17 149 463 68987 0.0
17 149 509 75841 0.0
17 151 461 69611 0.0
17 151 491 74141 0.0
17 157 419 65783 0.0
17 157 439 68923 0.0
17 157 487 76459 0.0
17 163 421 68623 0.0
17 163 439 71557 0.0
17 163 461 75143 0.0
17 167 439 73313 0.0
17 167 443 73981 0.0
17 173 419 72487 0.0
17 173 449 77677 0.0
17 179 373 66767 0.0
17 179 457 81803 0.0
17 181 367 66427 0.0
17 181 397 71857 0.0
17 181 409 74029 0.0
17 181 487 88147 0.0
17 191 401 76591 0.0
17 191 443 84613 0.0
17 191 503 96073 0.0
17 193 347 66971 0.0
17 193 419 80867 0.0
17 193 503 97079 0.0
17 197 337 66389 0.0
17 197 359 70723 0.0
17 197 439 86483 0.0
17 199 401 79799 0.0
17 199 409 81391 0.0
17 199 463 92137 0.0
17 211 317 66887 0.0
17 211 337 71107 0.0
17 211 347 73217 0.0
17 211 461 97271 0.0
17 211 499 105289 0.0
17 223 353 78719 0.0
17 223 457 101911 0.0
17 223 479 106817 0.0
17 223 499 111277 0.0
17 227 313 71051 0.0
17 227 353 80131 0.0
17 227 359 81493 0.0
17 227 499 113273 0.0
17 229 313 71677 0.0
17 229 397 90913 0.0
17 229 457 104653 0.0
17 233 347 80851 0.0
17 233 397 92501 0.0
17 233 461 107413 0.0
17 239 347 82933 0.0
17 239 421 100619 0.0
17 239 467 111613 0.0
17 241 313 75433 0.0
17 241 337 81217 0.0
17 241 373 89893 0.0
17 241 383 92303 0.0
17 241 463 111583 0.0
17 251 311 78061 0.0
17 251 373 93623 0.0
17 251 401 100651 0.0
17 251 419 105169 0.0
17 251 467 117217 0.0
17 257 317 81469 0.0
17 257 347 89179 0.0
17 257 349 89693 0.0
17 257 359 92263 0.0
17 263 331 87053 0.0
17 263 421 110723 0.0
17 269 311 83659 0.0
17 269 349 93881 0.0
17 269 373 100337 0.0
17 269 463 124547 0.0
17 269 479 128851 0.0
17 269 487 131003 0.0
17 271 379 102709 0.0
17 271 397 107587 0.0
17 277 337 93349 0.0
17 277 409 113293 0.0
17 277 421 116617 0.0
17 281 439 123359 0.0
17 283 283 80089 0.0
17 283 439 124237 0.0
17 283 457 129331 0.0
17 293 293 85849 0.0
17 293 307 89951 0.0
17 293 317 92881 0.0
17 293 373 109289 0.0
17 293 397 116321 0.0
17 293 409 119837 0.0
17 307 317 97319 0.0
17 307 373 114511 0.0
17 307 421 129247 0.0
17 311 389 120979 0.0
17 311 419 130309 0.0
17 331 347 114857 0.0
17 347 367 127349 0.0
18 257 617 158569 0.0
18 257 647 166279 0.0
18 257 809 207913 0.0
18 263 499 131237 0.0
18 263 613 161219 0.0
18 263 619 162797 0.0
18 263 631 165953 0.0
18 269 821 220849 0.0
18 269 967 260123 0.0
18 271 601 162871 0.0
18 271 661 179131 0.0
18 271 829 224659 0.0
18 271 857 232247 0.0
18 271 859 232789 0.0
18 277 547 151519 0.0
18 277 599 165923 0.0
18 277 643 178111 0.0
18 277 719 199163 0.0
18 277 761 210797 0.0
18 277 787 217999 0.0
18 277 811 224647 0.0
18 277 829 229633 0.0
18 277 919 254563 0.0
18 281 523 146963 0.0
18 281 631 177311 0.0
18 281 727 204287 0.0
18 283 691 195553 0.0
18 283 739 209137 0.0
18 283 797 225551 0.0
18 283 827 234041 0.0
18 293 521 152653 0.0
18 293 523 153239 0.0
18 293 593 173749 0.0
18 293 877 256961 0.0
18 307 607 186349 0.0
18 307 653 200471 0.0
18 307 839 257573 0.0
18 307 853 261871 0.0
18 311 433 134663 0.0
18 311 439 136529 0.0
18 311 491 152701 0.0
18 311 757 235427 0.0
18 311 811 252221 0.0
18 313 659 206267 0.0
18 313 733 229429 0.0
18 317 433 137261 0.0
18 317 479 151843 0.0
18 317 547 173399 0.0
18 317 683 216511 0.0
18 317 727 230459 0.0
18 317 769 243773 0.0
18 317 811 257087 0.0
18 331 499 165169 0.0
18 331 619 204889 0.0
18 331 701 232031 0.0
18 337 419 141203 0.0
18 337 443 149291 0.0
18 337 599 201863 0.0
18 337 709 238933 0.0
18 337 733 247021 0.0
18 337 773 260501 0.0
18 347 419 145393 0.0
18 347 571 198137 0.0
18 347 683 237001 0.0
18 349 379 132271 0.0
18 359 617 221503 0.0
18 359 659 236581 0.0
18 367 643 235981 0.0
18 367 683 250661 0.0
18 373 389 145097 0.0
18 373 683 254759 0.0
18 379 389 147431 0.0
18 379 397 150463 0.0
18 379 439 166381 0.0
18 383 421 161243 0.0
18 383 457 175031 0.0
18 389 521 202669 0.0
18 397 571 226687 0.0
18 397 617 244949 0.0
18 401 467 187267 0.0
18 401 569 228169 0.0
18 409 523 213907 0.0
18 409 571 233539 0.0
18 419 461 193159 0.0
18 421 509 214289 0.0
18 421 523 220183 0.0
18 421 619 260599 0.0
18 431 463 199553 0.0
18 431 571 246101 0.0
18 433 463 200479 0.0
18 433 509 220397 0.0
18 439 479 210281 0.0
18 443 521 230803 0.0
18 449 487 218663 0.0
18 449 569 255481 0.0
18 461 487 224507 0.0
18 467 523 244241 0.0
18 467 541 252647 0.0
18 487 523 254701 0.0
18 499 523 260977 0.0
19 263 997 262211 0.0
19 277 977 270629 0.0
19 307 919 282133 0.0
19 313 859 268867 0.0
19 313 877 274501 0.0
19 317 941 298297 0.0
19 317 977 309709 0.0
19 317 997 316049 0.0
19 331 997 330007 0.0
19 337 947 319139 0.0
19 349 1019 355631 0.0
19 353 773 272869 0.0
19 353 857 302521 0.0
19 353 983 346999 0.0
19 373 821 306233 0.0
19 379 701 265679 0.0
19 383 929 355807 0.0
19 383 1019 390277 0.0
19 397 991 393427 0.0
19 401 673 269873 0.0
19 401 719 288319 0.0
19 401 853 342053 0.0
19 401 877 351677 0.0
19 401 881 353281 0.0
19 409 743 303887 0.0
19 409 857 350513 0.0
19 409 881 360329 0.0
19 419 647 271093 0.0
19 419 661 276959 0.0
19 419 673 281987 0.0
19 421 769 323749 0.0
19 421 797 335537 0.0
19 431 809 348679 0.0
19 433 619 268027 0.0
19 443 821 363703 0.0
19 443 941 416863 0.0
19 443 947 419521 0.0
19 449 733 329117 0.0
19 457 823 376111 0.0
19 461 661 304721 0.0
19 461 809 372949 0.0
19 461 1013 466993 0.0
19 463 1019 471797 0.0
19 467 761 355387 0.0
19 467 823 384341 0.0
19 467 907 423569 0.0
19 467 967 451589 0.0
19 479 673 322367 0.0
19 479 857 410503 0.0
19 479 883 422957 0.0
19 487 641 312167 0.0
19 487 863 420281 0.0
19 491 601 295091 0.0
19 491 733 359903 0.0
19 499 613 305887 0.0
19 499 619 308881 0.0
19 499 751 374749 0.0
19 499 881 439619 0.0
19 499 929 463571 0.0
19 503 601 302303 0.0
19 503 887 446161 0.0
19 509 523 266207 0.0
19 509 563 286567 0.0
19 509 863 439267 0.0
19 509 877 446393 0.0
19 521 659 343339 0.0
19 521 761 396481 0.0
19 521 797 415237 0.0
19 521 863 449623 0.0
19 521 947 493387 0.0
19 523 691 361393 0.0
19 523 811 424153 0.0
19 523 839 438797 0.0
19 541 751 406291 0.0
19 547 787 430489 0.0
19 557 659 367063 0.0
19 557 733 408281 0.0
19 571 757 432247 0.0
19 577 641 369857 0.0
19 577 853 492181 0.0
19 587 757 444359 0.0
19 593 757 448901 0.0
19 593 839 497527 0.0
19 599 653 391147 0.0
19 601 683 410483 0.0
19 601 701 421301 0.0
19 601 733 440533 0.0
19 607 619 375733 0.0
19 617 661 407837 0.0
19 617 823 507791 0.0
19 619 691 427729 0.0
19 631 647 408257 0.0
19 641 661 423701 0.0
19 643 643 413449 0.0
19 643 701 450743 0.0
19 653 751 490403 0.0
19 653 797 520441 0.0
19 661 773 510953 0.0
19 677 769 520613 0.0
19 683 751 512933 0.0
20 521 1931 1006051 0.0
20 523 1999 1045477 0.0
20 541 1097 593477 0.0
20 541 1559 843419 0.0
20 541 1907 1031687 0.0
20 557 1069 595433 0.0
20 557 1459 812663 0.0
20 563 1123 632249 0.0
20 563 1511 850693 0.0
20 563 1637 921631 0.0
20 569 1009 574121 0.0
20 571 1201 685771 0.0
20 571 1327 757717 0.0
20 571 1823 1040933 0.0
20 577 1699 980323 0.0
20 577 1789 1032253 0.0
20 587 1163 682681 0.0
20 587 1307 767209 0.0
20 587 1327 778949 0.0
20 587 1399 821213 0.0
20 593 967 573431 0.0
20 593 1171 694403 0.0
20 593 1667 988531 0.0
20 601 877 527077 0.0
20 607 971 589397 0.0
20 607 1279 776353 0.0
20 607 1523 924461 0.0
20 613 1031 632003 0.0
20 613 1097 672461 0.0
20 613 1291 791383 0.0
20 613 1459 894367 0.0
20 617 1051 648467 0.0
20 617 1093 674381 0.0
20 619 1181 731039 0.0
20 619 1229 760751 0.0
20 631 1069 674539 0.0
20 631 1087 685897 0.0
20 631 1559 983729 0.0
20 631 1571 991301 0.0
20 641 919 589079 0.0
20 643 1013 651359 0.0
20 643 1039 668077 0.0
20 643 1481 952283 0.0
20 643 1493 959999 0.0
20 643 1607 1033301 0.0
20 653 911 594883 0.0
20 653 991 647123 0.0
20 653 997 651041 0.0
20 653 1459 952727 0.0
20 661 1553 1026533 0.0
20 673 857 576761 0.0
20 673 1217 819041 0.0
20 673 1471 989983 0.0
20 673 1481 996713 0.0
20 683 787 537521 0.0
20 683 911 622213 0.0
20 683 1033 705539 0.0
20 683 1117 762911 0.0
20 691 1327 916957 0.0
20 691 1373 948743 0.0
20 691 1493 1031663 0.0
20 701 953 668053 0.0
20 701 1061 743761 0.0
20 701 1129 791429 0.0
20 709 881 624629 0.0
20 709 1093 774937 0.0
20 727 1181 858587 0.0
20 727 1237 899299 0.0
20 733 1289 944837 0.0
20 739 1361 1005779 0.0
20 743 1031 766033 0.0
20 743 1061 788323 0.0
20 751 863 648113 0.0
20 751 1289 968039 0.0
20 757 1181 894017 0.0
20 757 1259 953063 0.0
20 761 1361 1035721 0.0
20 769 967 743623 0.0
20 769 1061 815909 0.0
20 773 1181 912913 0.0
20 787 887 698069 0.0
20 809 1039 840551 0.0
20 809 1129 913361 0.0
20 809 1283 1037947 0.0
20 811 1049 850739 0.0
20 823 829 682267 0.0
20 823 1153 948919 0.0
20 823 1193 981839 0.0
20 823 1249 1027927 0.0
20 827 1187 981649 0.0
20 829 1091 904439 0.0
20 839 1231 1032809 0.0
20 859 1069 918271 0.0
20 859 1213 1041967 0.0
20 877 997 874369 0.0
20 881 1063 936503 0.0
20 883 907 800881 0.0
20 887 977 866599 0.0
20 911 1097 999367 0.0
20 1009 1031 1040279 0.0
21 541 1973 1067393 0.0
21 569 1999 1137431 0.0
21 571 2017 1151707 0.0
21 577 1993 1149961 0.0
21 587 1901 1115887 0.0
21 641 1667 1068547 0.0
21 641 1721 1103161 0.0
21 647 1997 1292059 0.0
21 659 1733 1142047 0.0
21 659 1987 1309433 0.0
21 673 1831 1232263 0.0
21 683 1747 1193201 0.0
21 691 2011 1389601 0.0
21 719 1693 1217267 0.0
21 727 1823 1325321 0.0
21 727 1933 1405291 0.0
21 733 1489 1091437 0.0
21 757 1489 1127173 0.0
21 769 1669 1283461 0.0
21 797 1553 1237741 0.0
21 809 1669 1350221 0.0
21 823 1579 1299517 0.0
21 827 1327 1097429 0.0
21 827 1559 1289293 0.0
21 839 1663 1395257 0.0
21 853 1459 1244527 0.0
21 853 1871 1595963 0.0
21 857 1439 1233223 0.0
21 859 1699 1459441 0.0
21 863 1277 1102051 0.0
21 881 1823 1606063 0.0
21 881 1879 1655399 0.0
21 883 1201 1060483 0.0
21 883 1453 1282999 0.0
21 883 1567 1383661 0.0
21 883 1973 1742159 0.0
21 887 1307 1159309 0.0
21 887 1601 1420087 0.0
21 919 1303 1197457 0.0
21 919 1873 1721287 0.0
21 929 1129 1048841 0.0
21 929 1609 1494761 0.0
21 941 1381 1299521 0.0
21 947 1907 1805929 0.0
21 947 1951 1847597 0.0
21 953 1777 1693481 0.0
21 971 1097 1065187 0.0
21 971 1567 1521557 0.0
21 971 1637 1589527 0.0
21 977 1439 1405903 0.0
21 977 2039 1992103 0.0
21 983 1301 1278883 0.0
21 983 1601 1573783 0.0
21 991 1951 1933441 0.0
21 1021 1031 1052651 0.0
21 1033 1039 1073287 0.0
21 1049 1187 1245163 0.0
21 1049 1277 1339573 0.0
21 1049 1601 1679449 0.0
21 1051 1471 1546021 0.0
21 1061 1543 1637123 0.0
21 1061 1579 1675319 0.0
21 1061 1777 1885397 0.0
21 1061 1949 2067889 0.0
21 1063 1861 1978243 0.0
21 1069 1607 1717883 0.0
21 1069 1699 1816231 0.0
21 1069 1723 1841887 0.0
21 1091 1637 1785967 0.0
21 1091 1901 2073991 0.0
21 1093 1697 1854821 0.0
21 1093 1723 1883239 0.0
21 1097 1721 1887937 0.0
21 1103 1259 1388677 0.0
21 1153 1217 1403201 0.0
21 1153 1447 1668391 0.0
21 1163 1381 1606103 0.0
21 1171 1553 1818563 0.0
21 1187 1423 1689101 0.0
21 1187 1459 1731833 0.0
21 1187 1753 2080811 0.0
21 1193 1361 1623673 0.0
21 1193 1367 1630831 0.0
21 1201 1481 1778681 0.0
21 1213 1669 2024497 0.0
21 1223 1259 1539757 0.0
21 1229 1481 1820149 0.0
21 1249 1447 1807303 0.0
21 1259 1319 1660621 0.0
21 1259 1523 1917457 0.0
21 1277 1399 1786523 0.0
21 1279 1451 1855829 0.0
21 1297 1489 1931233 0.0
21 1301 1409 1833109 0.0
21 1301 1459 1898159 0.0
21 1307 1559 2037613 0.0
21 1367 1453 1986251 0.0
21 1381 1451 2003831 0.0
21 1381 1481 2045261 0.0
21 1409 1429 2013461 0.0
22 1039 3769 3915991 0.0
22 1049 2551 2675999 0.0
22 1049 2957 3101893 0.0
22 1049 3061 3210989 0.0
22 1051 3593 3776243 0.0
22 1061 2309 2449849 0.0
22 1063 2677 2845651 0.0
22 1069 3767 4026923 0.0
22 1069 3779 4039751 0.0
22 1091 2083 2272553 0.0
22 1091 3181 3470471 0.0
22 1103 3011 3321133 0.0
22 1103 3323 3665269 0.0
22 1117 2389 2668513 0.0
22 1117 2617 2923189 0.0
22 1117 3299 3684983 0.0
22 1117 3449 3852533 0.0
22 1123 2719 3053437 0.0
22 1123 3529 3963067 0.0
22 1129 2687 3033623 0.0
22 1129 3527 3981983 0.0
22 1153 2389 2754517 0.0
22 1181 2953 3487493 0.0
22 1181 3121 3685901 0.0
22 1187 2099 2491513 0.0
22 1193 2083 2485019 0.0
22 1193 3329 3971497 0.0
22 1213 2381 2888153 0.0
22 1217 3253 3958901 0.0
22 1223 1997 2442331 0.0
22 1223 3191 3902593 0.0
22 1229 1987 2442023 0.0
22 1231 1831 2253961 0.0
22 1237 2887 3571219 0.0
22 1249 2203 2751547 0.0
22 1259 1667 2098753 0.0
22 1259 2297 2891923 0.0
22 1279 2297 2937863 0.0
22 1291 2393 3089363 0.0
22 1291 2437 3146167 0.0
22 1291 3089 3987899 0.0
22 1301 2393 3113293 0.0
22 1303 1861 2424883 0.0
22 1319 1913 2523247 0.0
22 1319 2141 2823979 0.0
22 1321 2269 2997349 0.0
22 1361 2719 3700559 0.0
22 1373 2437 3346001 0.0
22 1381 2371 3274351 0.0
22 1399 1907 2667893 0.0
22 1399 2153 3012047 0.0
22 1409 2953 4160777 0.0
22 1429 2027 2896583 0.0
22 1433 2647 3793151 0.0
22 1439 1597 2298083 0.0
22 1447 1553 2247191 0.0
22 1451 2441 3541891 0.0
22 1471 1553 2284463 0.0
22 1471 1621 2384491 0.0
22 1489 2017 3003313 0.0
22 1493 2269 3387617 0.0
22 1493 2467 3683231 0.0
22 1499 1613 2417887 0.0
22 1499 2423 3632077 0.0
22 1511 2039 3080929 0.0
22 1523 2749 4186727 0.0
22 1531 2311 3538141 0.0
22 1531 2389 3657559 0.0
22 1531 2503 3832093 0.0
22 1549 1553 2405597 0.0
22 1553 1787 2775211 0.0
22 1553 2221 3449213 0.0
22 1559 1621 2527139 0.0
22 1559 2609 4067431 0.0
22 1571 1601 2515171 0.0
22 1571 2221 3489191 0.0
22 1571 2267 3561457 0.0
22 1579 2063 3257477 0.0
22 1579 2503 3952237 0.0
22 1583 1787 2828821 0.0
22 1597 2069 3304193 0.0
22 1601 2221 3555821 0.0
22 1601 2357 3773557 0.0
22 1607 2293 3684851 0.0
22 1609 2437 3921133 0.0
22 1619 1901 3077719 0.0
22 1663 1951 3244513 0.0
22 1693 2311 3912523 0.0
22 1697 2393 4060921 0.0
22 1699 1997 3392903 0.0
22 1709 2069 3535921 0.0
22 1709 2423 4140907 0.0
22 1721 2389 4111469 0.0
22 1723 2357 4061111 0.0
22 1741 2111 3675251 0.0
22 1759 1823 3206657 0.0
22 1759 1867 3284053 0.0
22 1783 2029 3617707 0.0
22 1801 2161 3891961 0.0
22 1847 2089 3858383 0.0
23 1123 3803 4270769 0.0
23 1151 4007 4612057 0.0
23 1171 3797 4446287 0.0
23 1231 4007 4932617 0.0
23 1249 3823 4774927 0.0
23 1277 3821 4879417 0.0
23 1283 3539 4540537 0.0
23 1303 3907 5090821 0.0
23 1303 3919 5106457 0.0
23 1361 3793 5162273 0.0
23 1367 3251 4444117 0.0
23 1373 3989 5476897 0.0
23 1471 3119 4588049 0.0
23 1471 3329 4896959 0.0
23 1481 3767 5578927 0.0
23 1487 3469 5158403 0.0
23 1489 2843 4233227 0.0
23 1493 4091 6107863 0.0
23 1499 3137 4702363 0.0
23 1499 3389 5080111 0.0
23 1531 4073 6235763 0.0
23 1531 4093 6266383 0.0
23 1549 2719 4211731 0.0
23 1553 3923 6092419 0.0
23 1559 3911 6097249 0.0
23 1601 3659 5858059 0.0
23 1609 2741 4410269 0.0
23 1609 3719 5983871 0.0
23 1621 3371 5464391 0.0
23 1621 3643 5905303 0.0
23 1627 3083 5016041 0.0
23 1637 2659 4352783 0.0
23 1667 2719 4532573 0.0
23 1699 2731 4639969 0.0
23 1699 3257 5533643 0.0
23 1721 3673 6321233 0.0
23 1721 3709 6383189 0.0
23 1723 3323 5725529 0.0
23 1741 3191 5555531 0.0
23 1747 2671 4666237 0.0
23 1747 3271 5714437 0.0
23 1783 2371 4227493 0.0
23 1783 3463 6174529 0.0
23 1801 4001 7205801 0.0
23 1811 2861 5181271 0.0
23 1861 2819 5246159 0.0
23 1873 2297 4302281 0.0
23 1901 2437 4632737 0.0
23 1913 2741 5243533 0.0
23 1931 2719 5250389 0.0
23 1951 2357 4598507 0.0
23 1979 2351 4652629 0.0
23 1979 2897 5733163 0.0
23 1999 2801 5599199 0.0
23 2017 3607 7275319 0.0
23 2029 3461 7022369 0.0
23 2053 2693 5528729 0.0
23 2063 2663 5493769 0.0
23 2083 3203 6671849 0.0
23 2083 3271 6813493 0.0
23 2087 2539 5298893 0.0
23 2113 3739 7900507 0.0
23 2129 2621 5580109 0.0
23 2137 2767 5913079 0.0
23 2137 3557 7601309 0.0
23 2141 3407 7294387 0.0
23 2161 3463 7483543 0.0
23 2179 2917 6356143 0.0
23 2179 3319 7232101 0.0
23 2179 3463 7545877 0.0
23 2203 3169 6981307 0.0
23 2203 3557 7836071 0.0
23 2221 3331 7398151 0.0
23 2239 2351 5263889 0.0
23 2243 3109 6973487 0.0
23 2251 2819 6345569 0.0
23 2281 2797 6379957 0.0
23 2293 2969 6807917 0.0
23 2297 2381 5469157 0.0
23 2311 2707 6255877 0.0
23 2333 3067 7155311 0.0
23 2339 2819 6593641 0.0
23 2339 3559 8324501 0.0
23 2351 2441 5738791 0.0
23 2351 2671 6279521 0.0
23 2351 2683 6307733 0.0
23 2351 2699 6345349 0.0
23 2357 2671 6295547 0.0
23 2357 2971 7002647 0.0
23 2371 2447 5801837 0.0
23 2393 3331 7971083 0.0
23 2399 2621 6287779 0.0
23 2411 3109 7495799 0.0
23 2411 3407 8214277 0.0
23 2467 2789 6880463 0.0
23 2473 2707 6694411 0.0
23 2531 2969 7514539 0.0
23 2531 3301 8354831 0.0
23 2749 2999 8244251 0.0
23 2833 2957 8377181 0.0
24 2053 4649 9544397 0.0
24 2053 4871 10000163 0.0
24 2081 5483 11410123 0.0
24 2081 7393 15384833 0.0
24 2083 4127 8596541 0.0
24 2087 4951 10332737 0.0
24 2111 7253 15311083 0.0
24 2113 7019 14831147 0.0
24 2141 6553 14029973 0.0
24 2179 4973 10836167 0.0
24 2203 7079 15595037 0.0
24 2213 4751 10513963 0.0
24 2221 4657 10343197 0.0
24 2239 5843 13082477 0.0
24 2239 7297 16337983 0.0
24 2243 7351 16488293 0.0
24 2251 6959 15664709 0.0
24 2267 5743 13019381 0.0
24 2267 5981 13558927 0.0
24 2267 6067 13753889 0.0
24 2273 6947 15790531 0.0
24 2273 6991 15890543 0.0
24 2281 7213 16452853 0.0
24 2287 5659 12942133 0.0
24 2293 6113 14017109 0.0
24 2297 7283 16729051 0.0
24 2311 6967 16100737 0.0
24 2347 6679 15675613 0.0
24 2351 4357 10243307 0.0
24 2377 4909 11668693 0.0
24 2389 6203 14818967 0.0
24 2399 4423 10610777 0.0
24 2441 5867 14321347 0.0
24 2447 3631 8885057 0.0
24 2459 3671 9026989 0.0
24 2467 4271 10536557 0.0
24 2467 5437 13413079 0.0
24 2467 6299 15539633 0.0
24 2503 4903 12272209 0.0
24 2543 6277 15962411 0.0
24 2579 6329 16322491 0.0
24 2591 3413 8843083 0.0
24 2591 3613 9361283 0.0
24 2609 6101 15917509 0.0
24 2617 5119 13396423 0.0
24 2621 3343 8762003 0.0
24 2647 4177 11056519 0.0
24 2659 4657 12382963 0.0
24 2663 5531 14729053 0.0
24 2689 4397 11823533 0.0
24 2689 5519 14840591 0.0
24 2693 4003 10780079 0.0
24 2693 5323 14334839 0.0
24 2699 5347 14431553 0.0
24 2711 3607 9778577 0.0
24 2711 4441 12039551 0.0
24 2713 5591 15168383 0.0
24 2713 6067 16459771 0.0
24 2719 3659 9948821 0.0
24 2719 5507 14973533 0.0
24 2729 3709 10121861 0.0
24 2731 3083 8419673 0.0
24 2767 3917 10838339 0.0
24 2789 3461 9652729 0.0
24 2791 5659 15794269 0.0
24 2801 4493 12584893 0.0
24 2801 4861 13615661 0.0
24 2803 4561 12784483 0.0
24 2837 5851 16599287 0.0
24 2843 3733 10612919 0.0
24 2887 3319 9581953 0.0
24 2957 5209 15403013 0.0
24 2963 3557 10539391 0.0
24 3011 3823 11511053 0.0
24 3023 4139 12512197 0.0
24 3037 4931 14975447 0.0
24 3067 3079 9443293 0.0
24 3109 3319 10318771 0.0
24 3109 4679 14547011 0.0
24 3119 4603 14356757 0.0
24 3167 3181 10074227 0.0
24 3181 5087 16181747 0.0
24 3221 4673 15051733 0.0
24 3229 4253 13732937 0.0
24 3253 4799 15611147 0.0
24 3271 4217 13793807 0.0
24 3271 5003 16364813 0.0
24 3299 3673 12117227 0.0
24 3323 4861 16153103 0.0
24 3371 3709 12503039 0.0
24 3389 4751 16101139 0.0
24 3517 4409 15506453 0.0
24 3529 4673 16491017 0.0
24 3541 4663 16511683 0.0
24 3643 3673 13380739 0.0
24 3677 3929 14446933 0.0
24 3677 4447 16351619 0.0
24 3719 4201 15623519 0.0
24 3761 3823 14378303 0.0
24 3821 4133 15792193 0.0
25 2347 7823 18360581 0.0
25 2371 7759 18396589 0.0
25 2383 7877 18770891 0.0
25 2441 7541 18407581 0.0
25 2521 7489 18879769 0.0
25 2551 7349 18747299 0.0
25 2621 8093 21211753 0.0
25 2659 6637 17647783 0.0
25 2693 8039 21649027 0.0
25 2707 6553 17738971 0.0
25 2711 6197 16800067 0.0
25 2797 7321 20476837 0.0
25 2797 7477 20913169 0.0
25 2803 6353 17807459 0.0
25 2833 7829 22179557 0.0
25 2843 6521 18539203 0.0
25 2887 7211 20818157 0.0
25 3023 7043 21290989 0.0
25 3121 5503 17174863 0.0
25 3169 6829 21641101 0.0
25 3209 7561 24263249 0.0
25 3221 6221 20037841 0.0
25 3257 7561 24626177 0.0
25 3259 7993 26049187 0.0
25 3271 6299 20604029 0.0
25 3371 7001 23600371 0.0
25 3371 8179 27571409 0.0
25 3413 5659 19314167 0.0
25 3449 7121 24560329 0.0
25 3517 5743 20198131 0.0
25 3527 4813 16975451 0.0
25 3527 7867 27746909 0.0
25 3529 4943 17443847 0.0
25 3547 5431 19263757 0.0
25 3557 8167 29050019 0.0
25 3671 6271 23020841 0.0
25 3673 6199 22768927 0.0
25 3673 6563 24105899 0.0
25 3691 4951 18274141 0.0
25 3697 6661 24625717 0.0
25 3697 7937 29343089 0.0
25 3701 7411 27428111 0.0
25 3727 7411 27620797 0.0
25 3779 6581 24869599 0.0
25 3833 6661 25531613 0.0
25 3851 7681 29579531 0.0
25 3919 5099 19982981 0.0
25 3989 4463 17802907 0.0
25 4021 4259 17125439 0.0
25 4021 6967 28014307 0.0
25 4049 7589 30727861 0.0
25 4051 6269 25395719 0.0
25 4051 7079 28677029 0.0
25 4057 4259 17278763 0.0
25 4073 5519 22478887 0.0
25 4099 5107 20933593 0.0
25 4099 5581 22876519 0.0
25 4099 7109 29139791 0.0
25 4139 6337 26228843 0.0
25 4139 6569 27189091 0.0
25 4153 7789 32347717 0.0
25 4159 6961 28950799 0.0
25 4219 7559 31891421 0.0
25 4241 6211 26340851 0.0
25 4283 4937 21145171 0.0
25 4289 5839 25043471 0.0
25 4337 7283 31586371 0.0
25 4357 4909 21388513 0.0
25 4391 7549 33147659 0.0
25 4409 5197 22913573 0.0
25 4409 6967 30717503 0.0
25 4441 5689 25264849 0.0
25 4493 5669 25470817 0.0
25 4523 4651 21036473 0.0
25 4523 7127 32235421 0.0
25 4547 4903 22293941 0.0
25 4639 6469 30009691 0.0
25 4643 5623 26107589 0.0
25 4643 6277 29144111 0.0
25 4643 7069 32821367 0.0
25 4663 4703 21930089 0.0
25 4673 5987 27977251 0.0
25 4679 6547 30633413 0.0
25 4729 5801 27432929 0.0
25 4729 6113 28908377 0.0
25 4751 6047 28729297 0.0
25 4759 6353 30233927 0.0
25 4783 6427 30740341 0.0
25 4793 6067 29079131 0.0
25 4861 6701 32573561 0.0
25 4871 6037 29406227 0.0
25 4967 5867 29141389 0.0
25 5059 6449 32625491 0.0
25 5107 5167 26387869 0.0
25 5227 6257 32705339 0.0
25 5233 5711 29885663 0.0
25 5237 6247 32715539 0.0
25 5281 5521 29156401 0.0
25 5477 6079 33294683 0.0
25 5573 5659 31537607 0.0
26 4127 14153 58409431 0.0
26 4133 11731 48484223 0.0
26 4177 9397 39251269 0.0
26 4211 14009 58991899 0.0
26 4241 10909 46265069 0.0
26 4259 15731 66998329 0.0
26 4261 14479 61695019 0.0
26 4273 13913 59450249 0.0
26 4273 14771 63116483 0.0
26 4289 11941 51214949 0.0
26 4297 11437 49144789 0.0
26 4339 12437 53964143 0.0
26 4357 14951 65141507 0.0
26 4363 12539 54707657 0.0
26 4373 10831 47363963 0.0
26 4397 8971 39445487 0.0
26 4409 7963 35108867 0.0
26 4409 9967 43944503 0.0
26 4423 13901 61484123 0.0
26 4441 15107 67090187 0.0
26 4481 10271 46024351 0.0
26 4483 14449 64774867 0.0
26 4483 14731 66039073 0.0
26 4517 12721 57460757 0.0
26 4519 10103 45655457 0.0
26 4549 14437 65673913 0.0
26 4561 7541 34394501 0.0
26 4567 12161 55539287 0.0
26 4567 13477 61549459 0.0
26 4567 13709 62609003 0.0
26 4583 14081 64533223 0.0
26 4637 8623 39984851 0.0
26 4639 11213 52017107 0.0
26 4657 10531 49042867 0.0
26 4679 9679 45288041 0.0
26 4723 7699 36362377 0.0
26 4751 8171 38820421 0.0
26 4799 10321 49530479 0.0
26 4801 9629 46228829 0.0
26 4813 12763 61428319 0.0
26 4817 11699 56354083 0.0
26 4877 10903 53173931 0.0
26 4877 12721 62040317 0.0
26 4943 11369 56196967 0.0
26 4951 10723 53089573 0.0
26 4973 8713 43329749 0.0
26 4973 10613 52778449 0.0
26 4987 9719 48468653 0.0
26 4993 8951 44692343 0.0
26 5009 7529 37712761 0.0
26 5009 12503 62627527 0.0
26 5021 11161 56039381 0.0
26 5059 8419 42591721 0.0
26 5077 8963 45505151 0.0
26 5081 7129 36222449 0.0
26 5101 11437 58340137 0.0
26 5171 12721 65780291 0.0
26 5209 8387 43687883 0.0
26 5231 10847 56740657 0.0
26 5273 9941 52418893 0.0
26 5303 10891 57754973 0.0
26 5303 12511 66345833 0.0
26 5351 9467 50657917 0.0
26 5387 11171 60178177 0.0
26 5441 9431 51314071 0.0
26 5557 7727 42938939 0.0
26 5563 6529 36320827 0.0
26 5573 7213 40198049 0.0
26 5623 10433 58664759 0.0
26 5641 7757 43757237 0.0
26 5641 9403 53042323 0.0
26 5647 8963 50614061 0.0
26 5683 8839 50232037 0.0
26 5683 9551 54278333 0.0
26 5813 10663 61984019 0.0
26 5821 10457 60870197 0.0
26 5851 8329 48732979 0.0
26 6151 8171 50259821 0.0
26 6197 10253 63537841 0.0
26 6287 7537 47385119 0.0
26 6311 10211 64441621 0.0
26 6317 8923 56366591 0.0
26 6361 8647 55003567 0.0
26 6367 8087 51489929 0.0
26 6367 9497 60467399 0.0
26 6389 7283 46531087 0.0
26 6397 8713 55737061 0.0
26 6397 9733 62262001 0.0
26 6481 9377 60772337 0.0
26 6679 8093 54053147 0.0
26 6733 9041 60873053 0.0
26 6763 7247 49011461 0.0
26 6883 9181 63192823 0.0
26 6911 7211 49835221 0.0
26 7207 7537 54319159 0.0
26 7229 7393 53443997 0.0
26 7331 8663 63508453 0.0
26 7411 8821 65372431 0.0
26 7577 8693 65866861 0.0
26 7591 8447 64121177 0.0
27 4483 15647 70145501 0.0
27 4493 15227 68414911 0.0
27 4493 15913 71497109 0.0
27 4967 13933 69205211 0.0
27 5171 15739 81386369 0.0
27 5279 13337 70406023 0.0
27 5347 14533 77707951 0.0
27 5413 13163 71251319 0.0
27 5437 13693 74448841 0.0
27 5437 14341 77972017 0.0
27 5477 13499 73934023 0.0
27 5653 12953 73223309 0.0
27 5717 13151 75184267 0.0
27 5743 14657 84175151 0.0
27 5783 12653 73172299 0.0
27 5813 16363 95118119 0.0
27 5851 15121 88472971 0.0
27 5857 11939 69926723 0.0
27 5861 11743 68825723 0.0
27 5869 15803 92747807 0.0
27 5881 15569 91561289 0.0
27 6037 14779 89220823 0.0
27 6043 11369 68702867 0.0
27 6263 13063 81813569 0.0
27 6329 14767 93460343 0.0
27 6491 13841 89841931 0.0
27 6553 12097 79271641 0.0
27 6571 10631 69856301 0.0
27 6577 13009 85560193 0.0
27 6581 13103 86230843 0.0
27 6607 13759 90905713 0.0
27 6619 11027 72987713 0.0
27 6619 12757 84438583 0.0
27 6653 12437 82743361 0.0
27 6659 14717 98000503 0.0
27 6701 11807 79118707 0.0
27 6733 11677 78621241 0.0
27 6763 10739 72627857 0.0
27 6823 13669 93263587 0.0
27 6871 12073 82953583 0.0
27 6907 11447 79064429 0.0
27 7043 11831 83325733 0.0
27 7193 9629 69261397 0.0
27 7247 11789 85434883 0.0
27 7433 14281 106150673 0.0
27 7477 9109 68107993 0.0
27 7549 11887 89734963 0.0
27 7559 14783 111744697 0.0
27 7589 14683 111429287 0.0
27 7673 13907 106708411 0.0
27 7673 14737 113077001 0.0
27 7691 12401 95376091 0.0
27 7759 13109 101712731 0.0
27 7853 16187 127116511 0.0
27 7927 12197 96685619 0.0
27 7949 10567 83997083 0.0
27 7951 13397 106519547 0.0
27 8009 13249 106111241 0.0
27 8011 10103 80935133 0.0
27 8093 13759 111351587 0.0
27 8123 9661 78476303 0.0
27 8161 15619 127466659 0.0
27 8291 10639 88207949 0.0
27 8293 10883 90252719 0.0
27 8389 11059 92773951 0.0
27 8521 10163 86598923 0.0
27 8527 10301 87836627 0.0
27 8543 9013 76998059 0.0
27 8543 9479 80979097 0.0
27 8597 15377 132196069 0.0
27 8623 15187 130957501 0.0
27 8677 12829 111317233 0.0
27 8731 12923 112830713 0.0
27 8893 11971 106458103 0.0
27 8951 13619 121903669 0.0
27 9133 9839 89859587 0.0
27 9161 9931 90977891 0.0
27 9203 13723 126292769 0.0
27 9319 11393 106171367 0.0
27 9337 13267 123873979 0.0
27 9437 13399 126446363 0.0
27 9437 13463 127050331 0.0
27 9461 9749 92235289 0.0
27 9461 10007 94676227 0.0
27 9587 11831 113423797 0.0
27 9689 10627 102965003 0.0
27 9721 11257 109429297 0.0
27 9769 11443 111786667 0.0
27 9787 12647 123776189 0.0
27 9803 11071 108529013 0.0
27 9829 12809 125899661 0.0
27 10009 12569 125803121 0.0
27 10093 11491 115978663 0.0
27 10103 12637 127671611 0.0
27 10177 12853 130804981 0.0
27 10211 12451 127137161 0.0
27 10223 13001 132909223 0.0
27 10271 12763 131088773 0.0
27 10613 10651 113039063 0.0
27 10627 11071 117651517 0.0
28 8219 25819 212206361 0.0
28 8221 29297 240850637 0.0
28 8233 16987 139853971 0.0
28 8287 16693 138334891 0.0
28 8431 21179 178560149 0.0
28 8513 24763 210807419 0.0
28 8537 26317 224668229 0.0
28 8647 20507 177324029 0.0
28 8693 15767 137062531 0.0
28 8699 21269 185019031 0.0
28 8699 29287 254767613 0.0
28 8713 28607 249252791 0.0
28 8719 18043 157316917 0.0
28 8719 18169 158415511 0.0
28 8747 19441 170050427 0.0
28 8783 26437 232196171 0.0
28 8831 26981 238269211 0.0
28 8839 15803 139682717 0.0
28 8867 27109 240375503 0.0
28 8969 24907 223390883 0.0
28 8971 25561 229307731 0.0
28 8999 27541 247841459 0.0
28 9043 23293 210638599 0.0
28 9091 21647 196792877 0.0
28 9091 25253 229575023 0.0
28 9127 24821 226541267 0.0
28 9199 21317 196095083 0.0
28 9221 19069 175835249 0.0
28 9319 17749 165402931 0.0
28 9413 23609 222231517 0.0
28 9461 20357 192597577 0.0
28 9521 16831 160247951 0.0
28 9539 18199 173600261 0.0
28 9551 27541 263044091 0.0
28 9587 20887 200243669 0.0
28 9629 17027 163952983 0.0
28 9677 27017 261443509 0.0
28 9719 25741 250176779 0.0
28 9851 22073 217441123 0.0
28 9901 25673 254188373 0.0
28 10039 17431 174989809 0.0
28 10159 25447 258516073 0.0
28 10177 24749 251870573 0.0
28 10301 13697 141092797 0.0
28 10459 13649 142754891 0.0
28 10559 13633 143950847 0.0
28 10687 15809 168950783 0.0
28 10733 14431 154887923 0.0
28 10753 15121 162596113 0.0
28 10799 23873 257804527 0.0
28 10861 14303 155344883 0.0
28 10909 15077 164474993 0.0
28 11087 15331 169974797 0.0
28 11087 22709 251774683 0.0
28 11197 15077 168817169 0.0
28 11239 19661 220969979 0.0
28 11279 16937 191032423 0.0
28 11287 13001 146742287 0.0
28 11321 18253 206642213 0.0
28 11321 21059 238408939 0.0
28 11437 17939 205168343 0.0
28 11483 18481 212217323 0.0
28 11551 21187 244731037 0.0
28 11579 21863 253151677 0.0
28 11701 21383 250202483 0.0
28 11731 13009 152608579 0.0
28 11789 12721 149967869 0.0
28 11789 22549 265830161 0.0
28 11939 22013 262813207 0.0
28 12041 18583 223757903 0.0
28 12049 19891 239666659 0.0
28 12101 14737 178332437 0.0
28 12119 19469 235944811 0.0
28 12211 20359 248603749 0.0
28 12241 15569 190580129 0.0
28 12487 16651 207921037 0.0
28 12497 17891 223583827 0.0
28 12541 12919 162017179 0.0
28 12553 18061 226719733 0.0
28 12613 14869 187542697 0.0
28 12619 14107 178016233 0.0
28 12721 15217 193575457 0.0
28 12799 19889 254559311 0.0
28 12899 16633 214549067 0.0
28 12911 13679 176609569 0.0
28 12941 16981 219751121 0.0
28 13121 13829 181450309 0.0
28 13187 16607 218996509 0.0
28 13711 16361 224325671 0.0
28 13751 14327 197010577 0.0
28 13901 18257 253790557 0.0
28 13907 15443 214765801 0.0
28 13913 16067 223540171 0.0
28 14143 18919 267571417 0.0
28 14389 14629 210496681 0.0
28 14629 17489 255846581 0.0
28 15083 17597 265415551 0.0
28 15121 15427 233271667 0.0
28 15233 16087 245053271 0.0
28 15443 15923 245898889 0.0
29 8893 31319 278519867 0.0
29 9109 32189 293209601 0.0
29 9157 29881 273620317 0.0
29 9371 28837 270231527 0.0
29 9859 32569 321097771 0.0
29 9907 30119 298388933 0.0
29 10193 27689 282233977 0.0
29 10343 29339 303453277 0.0
29 10657 28277 301347989 0.0
29 10711 30841 330337951 0.0
29 10903 30593 333555479 0.0
29 11027 27431 302481637 0.0
29 11261 30071 338629531 0.0
29 11321 29423 333097783 0.0
29 11411 32401 369727811 0.0
29 11801 27647 326262247 0.0
29 11909 32561 387768949 0.0
29 12157 23227 282370639 0.0
29 12413 28027 347899151 0.0
29 12473 29573 368864029 0.0
29 12547 32377 406234219 0.0
29 12589 29581 372395209 0.0
29 12613 28723 362283199 0.0
29 12671 28513 361288223 0.0
29 12841 31573 405428893 0.0
29 12853 22921 294603613 0.0
29 13001 25457 330966457 0.0
29 13159 27697 364464823 0.0
29 13217 30323 400779091 0.0
29 13411 22051 295725961 0.0
29 13463 27259 366987917 0.0
29 13711 23333 319918763 0.0
29 13721 22679 311178559 0.0
29 13799 23087 318577513 0.0
29 13831 21569 298320839 0.0
29 14071 26479 372586009 0.0
29 14087 29173 410960051 0.0
29 14323 24677 353448671 0.0
29 14437 25367 366223379 0.0
29 14479 19681 284961199 0.0
29 14563 21617 314808371 0.0
29 14653 22123 324168319 0.0
29 14653 27073 396700669 0.0
29 14947 21859 326726473 0.0
29 15227 22247 338755069 0.0
29 15289 22367 341969063 0.0
29 15377 29101 447486077 0.0
29 15497 21799 337819103 0.0
29 15727 31181 490383587 0.0
29 15749 30893 486533857 0.0
29 15767 21521 339321607 0.0
29 15923 31379 499647817 0.0
29 15971 29947 478283537 0.0
29 16001 24889 398248889 0.0
29 16057 19447 312260479 0.0
29 16057 24919 400124383 0.0
29 16097 26987 434409739 0.0
29 16139 28001 451908139 0.0
29 16193 26959 436547087 0.0
29 16217 26861 435604837 0.0
29 16253 29387 477626911 0.0
29 16319 31247 509919793 0.0
29 16333 22573 368684809 0.0
29 16487 25913 427227631 0.0
29 16661 21751 362393411 0.0
29 16759 28661 480329699 0.0
29 16921 26687 451570727 0.0
29 16943 19993 338741399 0.0
29 16963 20563 348810169 0.0
29 17077 20219 345279863 0.0
29 17107 30181 516306367 0.0
29 17137 29251 501274387 0.0
29 17203 23371 402051313 0.0
29 17293 30971 535581503 0.0
29 17483 30119 526570477 0.0
29 17489 20411 356967979 0.0
29 17489 21817 381557513 0.0
29 17551 20063 352125713 0.0
29 17783 24859 442067597 0.0
29 17957 19777 355135589 0.0
29 17971 21059 378451289 0.0
29 18131 24421 442777151 0.0
29 18401 22051 405760451 0.0
29 18433 21221 391166693 0.0
29 18541 25633 475261453 0.0
29 18593 27107 504000451 0.0
29 18749 19157 359174593 0.0
29 18859 22871 431324189 0.0
29 19031 20333 386957323 0.0
29 19571 22741 445064111 0.0
29 19603 24509 480449927 0.0
29 19699 22073 434816027 0.0
29 19739 20233 399379187 0.0
29 20063 22469 450795547 0.0
29 20369 20717 421984573 0.0
29 20543 23869 490340867 0.0
29 20693 25561 528933773 0.0
29 20731 21191 439310621 0.0
29 20807 23357 485989099 0.0
29 21767 22637 492739579 0.0
30 16519 47417 783281423 0.0
30 16553 37057 613404521 0.0
30 16649 61657 1026527393 0.0
30 16787 52147 875391689 0.0
30 16903 35053 592500859 0.0
30 16937 47507 804626059 0.0
30 16937 54799 928130663 0.0
30 17107 32783 560818781 0.0
30 17117 53917 922897289 0.0
30 17321 41051 711044371 0.0
30 17321 61051 1057464371 0.0
30 17341 35933 623114153 0.0
30 17383 51169 889470727 0.0
30 17393 44543 774736399 0.0
30 17443 52321 912635203 0.0
30 17449 46471 810872479 0.0
30 17729 38177 676840033 0.0
30 18049 59441 1072850609 0.0
30 18229 49597 904103713 0.0
30 18379 39373 723636367 0.0
30 18439 57791 1065608249 0.0
30 18457 31253 576836621 0.0
30 18481 38603 713422043 0.0
30 18493 37139 686811527 0.0
30 18521 49943 924994303 0.0
30 18719 31277 585474163 0.0
30 18719 46027 861579413 0.0
30 18731 55291 1035655721 0.0
30 18757 48187 903843559 0.0
30 19051 34231 652134781 0.0
30 19423 28069 545184187 0.0
30 19457 36791 715842487 0.0
30 19541 42157 823789937 0.0
30 19543 40529 792058247 0.0
30 19577 38867 760899259 0.0
30 19753 34939 690150067 0.0
30 19793 53087 1050750991 0.0
30 19913 45707 910163491 0.0
30 20327 39541 803749907 0.0
30 20369 48163 981032147 0.0
30 20407 35569 725856583 0.0
30 20407 49921 1018737847 0.0
30 20483 32587 667479521 0.0
30 20759 26237 544653883 0.0
30 20789 39343 817901627 0.0
30 21211 46181 979545191 0.0
30 21227 33751 716432477 0.0
30 21383 41341 883994603 0.0
30 21487 45821 984555827 0.0
30 21557 44507 959437399 0.0
30 21589 33409 721266901 0.0
30 21599 31069 671059331 0.0
30 21649 27689 599439161 0.0
30 21893 28181 616966633 0.0
30 21893 44983 984812819 0.0
30 21893 45833 1003421869 0.0
30 22123 48413 1071040799 0.0
30 22409 32707 732931163 0.0
30 22447 43853 984368291 0.0
30 22637 33343 754785491 0.0
30 22643 35491 803622713 0.0
30 22669 35407 802641283 0.0
30 22769 29033 661052377 0.0
30 23209 30403 705623227 0.0
30 23293 42967 1000830331 0.0
30 23417 32141 752645797 0.0
30 23509 36269 852647921 0.0
30 23741 24851 589987591 0.0
30 23743 28087 666869641 0.0
30 23747 41077 975455519 0.0
30 23887 24917 595192379 0.0
30 23899 26647 636836653 0.0
30 24001 36541 877020541 0.0
30 24049 32371 778490179 0.0
30 24049 33023 794170127 0.0
30 24103 24251 584521853 0.0
30 24107 30517 735673319 0.0
30 24169 42643 1030638667 0.0
30 24337 32749 797012413 0.0
30 24683 26357 650569831 0.0
30 24907 29753 741057971 0.0
30 24967 40559 1012636553 0.0
30 25073 36493 914988989 0.0
30 25121 26371 662465891 0.0
30 25561 34679 886429919 0.0
30 25633 35923 920814259 0.0
30 25657 31393 805450201 0.0
30 25933 38891 1008560303 0.0
30 26041 37409 974167769 0.0
30 26189 33829 885947681 0.0
30 26399 35221 929799179 0.0
30 26479 39863 1055532377 0.0
30 26561 30911 821027071 0.0
30 26693 29303 782184979 0.0
30 26699 38053 1015977047 0.0
30 26981 32381 873671761 0.0
30 28051 32687 916903037 0.0
30 29129 33199 967053671 0.0
30 29147 33151 966252197 0.0
30 30817 34367 1059087839 0.0
31 17497 62057 1085811329 0.0
31 18199 61781 1124352419 0.0
31 18587 60539 1125238393 0.0
31 19433 63317 1230439261 0.0
31 20327 60659 1233015493 0.0
31 20347 60089 1222630883 0.0
31 20483 61261 1254809063 0.0
31 20521 53939 1106882219 0.0
31 21517 56333 1212117161 0.0
31 21991 57593 1266527663 0.0
31 22003 52267 1150030801 0.0
31 22093 54959 1214209187 0.0
31 22193 51431 1141408183 0.0
31 22453 57077 1281549881 0.0
31 22511 55663 1253029793 0.0
31 22901 49171 1126065071 0.0
31 22963 53479 1228038277 0.0
31 23581 62473 1473175813 0.0
31 24181 48779 1179524999 0.0
31 25439 49783 1266429737 0.0
31 25759 61151 1575188609 0.0
31 25793 64969 1675745417 0.0
31 26449 51593 1364583257 0.0
31 26501 56983 1510106483 0.0
31 26641 44623 1188801343 0.0
31 27241 46933 1278501853 0.0
31 27253 61223 1668510419 0.0
31 27367 57571 1575545557 0.0
31 27457 42829 1175955853 0.0
31 27617 58237 1608331229 0.0
31 27763 41617 1155412771 0.0
31 27809 54499 1515562691 0.0
31 27941 48271 1348740011 0.0
31 27947 55337 1546503139 0.0
31 28123 41491 1166851393 0.0
31 28879 39103 1129255537 0.0
31 29059 65327 1898337293 0.0
31 29173 55681 1624381813 0.0
31 29207 65071 1900528697 0.0
31 29209 43889 1281953801 0.0
31 29303 64013 1875772939 0.0
31 29339 48299 1417044361 0.0
31 29401 39181 1151960581 0.0
31 29501 52183 1539450683 0.0
31 29921 56963 1704389923 0.0
31 30241 42299 1279164059 0.0
31 30553 45319 1384631407 0.0
31 30839 60937 1879236143 0.0
31 30911 54311 1678807321 0.0
31 30949 62053 1920478297 0.0
31 31019 36833 1142522827 0.0
31 32051 56671 1816362221 0.0
31 32059 56207 1801940213 0.0
31 32939 44129 1453565131 0.0
31 33071 56101 1855316171 0.0
31 33113 60589 2006283557 0.0
31 33457 36997 1237808629 0.0
31 33487 38803 1299396061 0.0
31 33703 56713 1911398239 0.0
31 33721 50153 1691209313 0.0
31 34183 48239 1648953737 0.0
31 34351 42697 1466684647 0.0
31 34651 55441 1921086091 0.0
31 34721 36457 1265823497 0.0
31 34807 50539 1759110973 0.0
31 35171 51577 1814014667 0.0
31 35279 42569 1501791751 0.0
31 35323 38959 1376148757 0.0
31 35353 46819 1655192107 0.0
31 35963 37253 1339729639 0.0
31 36209 36721 1329630689 0.0
31 36353 40423 1469497319 0.0
31 37253 43717 1628589401 0.0
31 37549 50989 1914585961 0.0
31 37643 51413 1935339559 0.0
31 37717 55243 2083600231 0.0
31 38459 52783 2029981397 0.0
31 38543 55529 2140254247 0.0
31 38861 40177 1561318397 0.0
31 38971 48397 1886079487 0.0
31 39659 46237 1833713183 0.0
31 39703 52363 2078968189 0.0
31 39847 51659 2058456173 0.0
31 39857 46447 1851238079 0.0
31 40127 51383 2061845641 0.0
31 40193 42307 1700445251 0.0
31 40583 43487 1764832921 0.0
31 40637 42457 1725325109 0.0
31 40819 47563 1941474097 0.0
31 40993 41491 1700840563 0.0
31 41183 43573 1794466859 0.0
31 41183 47609 1960681447 0.0
31 41953 42089 1765759817 0.0
31 42533 44563 1895398079 0.0
31 42787 45823 1960628701 0.0
31 42839 46327 1984602353 0.0
31 43291 43661 1890128351 0.0
31 44389 45589 2023650121 0.0
31 44887 46751 2098512137 0.0
31 45127 46027 2077060429 0.0
32 32887 100733 3312806171 0.0
32 32939 73453 2419468367 0.0
32 33073 87559 2895838807 0.0
32 33151 69677 2309862227 0.0
32 33181 104659 3472690279 0.0
32 33317 74317 2476019489 0.0
32 33601 80651 2709954251 0.0
32 34159 101209 3457198231 0.0
32 34631 123269 4268928739 0.0
32 34819 97301 3387923519 0.0
32 34847 90971 3170066437 0.0
32 34981 78713 2753459453 0.0
32 35729 110923 3963167867 0.0
32 35993 73327 2639258711 0.0
32 36011 113159 4074968749 0.0
32 36151 69557 2514555107 0.0
32 36583 76631 2803391873 0.0
32 36943 82571 3050420453 0.0
32 37019 85103 3150427957 0.0
32 37123 98773 3666750079 0.0
32 37139 82721 3072175219 0.0
32 37799 108803 4112644597 0.0
32 37967 97463 3700377721 0.0
32 38177 103177 3938988329 0.0
32 38183 106019 4048123477 0.0
32 38791 62659 2430605269 0.0
32 39043 56299 2198081857 0.0
32 39043 89897 3509848571 0.0
32 39163 68209 2671269067 0.0
32 39163 83873 3284718299 0.0
32 39191 98387 3855884917 0.0
32 39671 61231 2429095001 0.0
32 39769 97213 3866063797 0.0
32 39839 72089 2871953671 0.0
32 40009 58661 2346967949 0.0
32 40129 87313 3503783377 0.0
32 40253 74687 3006375811 0.0
32 40697 104707 4261260779 0.0
32 40853 68053 2780169209 0.0
32 40883 62467 2553838361 0.0
32 41047 88817 3645671399 0.0
32 41491 90911 3771988301 0.0
32 41593 59659 2481396787 0.0
32 41627 60899 2535042673 0.0
32 41737 79411 3314376907 0.0
32 41813 57041 2385055333 0.0
32 42403 68059 2885905777 0.0
32 42509 81553 3466736477 0.0
32 42533 78697 3347219501 0.0
32 42821 76561 3278418581 0.0
32 43013 71777 3087344101 0.0
32 43051 72977 3141732827 0.0
32 43541 56299 2451314759 0.0
32 43573 72869 3175120937 0.0
32 44071 78707 3468696197 0.0
32 44189 77647 3431143283 0.0
32 44201 56099 2479631899 0.0
32 45013 73181 3294096353 0.0
32 45247 61331 2775043757 0.0
32 45263 87337 3953134631 0.0
32 45289 67369 3051074641 0.0
32 45337 75583 3426706471 0.0
32 45641 58631 2675977471 0.0
32 46199 72559 3352153241 0.0
32 47441 76679 3637728439 0.0
32 47701 49367 2354855267 0.0
32 47791 89087 4257556817 0.0
32 48121 58481 2814164201 0.0
32 48187 77933 3755357471 0.0
32 48857 50539 2469183923 0.0
32 49123 81839 4020177197 0.0
32 49459 50923 2518600657 0.0
32 49459 82567 4083681253 0.0
32 49537 60449 2994462113 0.0
32 49613 65837 3266371081 0.0
32 49807 60343 3005503801 0.0
32 50047 72977 3652279919 0.0
32 50341 50891 2561903831 0.0
32 50587 82729 4185011923 0.0
32 50857 61493 3127349501 0.0
32 50873 77747 3955223131 0.0
32 50893 83389 4243916377 0.0
32 51241 73291 3755504131 0.0
32 51503 62143 3200550929 0.0
32 51581 65003 3352919743 0.0
32 52147 57901 3019363447 0.0
32 52369 64333 3369054877 0.0
32 52967 64067 3393436789 0.0
32 53087 58937 3128788519 0.0
32 54941 67523 3709781143 0.0
32 55147 56597 3121154759 0.0
32 56123 66137 3711806851 0.0
32 57527 58417 3360554759 0.0
32 57947 66067 3828384449 0.0
32 58363 64439 3760853357 0.0
32 60037 63809 3830900933 0.0
32 60397 65809 3974666173 0.0
32 61027 65617 4004408659 0.0
32 61837 64577 3993247949 0.0
32 61871 65479 4051251209 0.0
33 36847 130927 4824267169 0.0
33 37423 128021 4790929883 0.0
33 38219 115327 4407682613 0.0
33 38371 115571 4434574841 0.0
33 39023 124909 4874323907 0.0
33 39163 111317 4359507671 0.0
33 39541 119489 4724714549 0.0
33 40883 126001 5151298883 0.0
33 42697 102701 4385024597 0.0
33 42839 127609 5466641951 0.0
33 43853 109943 4821330379 0.0
33 43987 115769 5092331003 0.0
33 44053 112153 4940676109 0.0
33 44879 110183 4944902857 0.0
33 46817 101839 4767796463 0.0
33 47543 113117 5377921531 0.0
33 47917 101293 4853656681 0.0
33 48563 103889 5045161507 0.0
33 49121 130829 6426451309 0.0
33 49559 114319 5665535321 0.0
33 49711 129919 6458403409 0.0
33 49787 112339 5593021793 0.0
33 49807 127583 6354526481 0.0
33 50497 100913 5095803761 0.0
33 51193 113149 5792436757 0.0
33 52051 85601 4455617651 0.0
33 52387 95467 5001229729 0.0
33 53569 110951 5943534119 0.0
33 53923 128591 6934012493 0.0
33 54083 98873 5347348459 0.0
33 54367 100357 5456109019 0.0
33 54493 119069 6488427017 0.0
33 54667 81677 4465036559 0.0
33 54673 95063 5197379399 0.0
33 54751 126323 6916310573 0.0
33 55207 123863 6838104641 0.0
33 56113 98251 5513158363 0.0
33 56443 103231 5826667333 0.0
33 57367 78017 4475601239 0.0
33 58427 100459 5869517993 0.0
33 58439 111857 6536811223 0.0
33 58771 79613 4678935623 0.0
33 59387 86209 5119693883 0.0
33 59513 112207 6677775191 0.0
33 59879 90439 5415396881 0.0
33 60013 81293 4878636809 0.0
33 60647 95891 5815501477 0.0
33 60757 116411 7072783127 0.0
33 61283 114217 6999560411 0.0
33 61543 94841 5836799663 0.0
33 61651 102881 6342716531 0.0
33 61651 107467 6625448017 0.0
33 61843 116447 7201431821 0.0
33 61933 72383 4482896339 0.0
33 62141 93949 5838084809 0.0
33 62347 79967 4985702549 0.0
33 62383 90659 5655580397 0.0
33 64217 67433 4330344961 0.0
33 64231 77659 4988115229 0.0
33 64663 84263 5448698369 0.0
33 65413 103619 6778029647 0.0
33 65809 117773 7750523357 0.0
33 65993 110771 7310110603 0.0
33 66067 106591 7042147597 0.0
33 66529 99679 6631544191 0.0
33 66629 66821 4452216409 0.0
33 67453 87473 5900316269 0.0
33 68207 71987 4910017309 0.0
33 68227 104761 7147528747 0.0
33 68281 110977 7577620537 0.0
33 69653 77719 5413361507 0.0
33 70321 117259 8245770139 0.0
33 70937 113779 8071140923 0.0
33 70979 85853 6093760087 0.0
33 71537 93419 6682915003 0.0
33 71947 97213 6994183711 0.0
33 72043 92927 6694739861 0.0
33 73433 79259 5820226147 0.0
33 73571 108869 8009601199 0.0
33 73597 91801 6756278197 0.0
33 73999 94219 6972111781 0.0
33 75289 97453 7337138917 0.0
33 75983 84499 6420487517 0.0
33 76003 84719 6438898157 0.0
33 76847 81463 6260187161 0.0
33 77269 84319 6515244811 0.0
33 77489 106103 8221815367 0.0
33 77587 86131 6682645897 0.0
33 78137 86077 6725798549 0.0
33 79139 98887 7825818293 0.0
33 79769 101531 8099026339 0.0
33 80141 95419 7646974079 0.0
33 82013 87973 7214929649 0.0
33 82231 85361 7019320391 0.0
33 82591 87383 7217049353 0.0
33 83431 85661 7146782891 0.0
33 84631 90679 7674254449 0.0
33 84871 92683 7866098893 0.0
33 88069 94397 8313449393 0.0
33 89459 93901 8400289559 0.0
34 65587 251561 16499131307 0.0
34 66083 233183 15409432189 0.0
34 66301 154501 10243570801 0.0
34 66751 238031 15888807281 0.0
34 66931 205847 13777545557 0.0
34 67181 151901 10204861081 0.0
34 67213 227977 15323018101 0.0
34 67547 131101 8855479247 0.0
34 67939 154211 10476941129 0.0
34 68737 182593 12550895041 0.0
34 68947 141619 9764205193 0.0
34 69911 155719 10886471009 0.0
34 70207 131311 9218951377 0.0
34 70271 185467 13032951557 0.0
34 70571 231041 16304794411 0.0
34 70949 168677 11967464473 0.0
34 71263 166081 11835430303 0.0
34 71437 221401 15816223237 0.0
34 71821 233509 16770849889 0.0
34 72379 166189 12028593631 0.0
34 72559 127973 9285592907 0.0
34 72739 170327 12389415653 0.0
34 73019 168227 12283767313 0.0
34 73607 177481 13063843967 0.0
34 73727 150967 11130344009 0.0
34 74357 151561 11269621277 0.0
34 74861 185831 13911494491 0.0
34 74887 184447 13812682489 0.0
34 74923 134353 10066129819 0.0
34 75703 153641 11631084623 0.0
34 76603 180097 13795970491 0.0
34 77267 120233 9290043211 0.0
34 77267 204797 15824049799 0.0
34 77359 186283 14410666597 0.0
34 77801 152461 11861618261 0.0
34 78283 208309 16307053447 0.0
34 79601 214141 17045837741 0.0
34 80897 199373 16128677581 0.0
34 80929 173209 14017631161 0.0
34 81049 121157 9819653693 0.0
34 81331 126491 10287639521 0.0
34 81439 145069 11814274291 0.0
34 81703 155461 12701630083 0.0
34 82307 159707 13145004049 0.0
34 82471 160033 13198081543 0.0
34 82493 117977 9732276661 0.0
34 83117 123049 10227463733 0.0
34 83203 158261 13167789983 0.0
34 84431 103561 8743758791 0.0
34 84761 130147 11031389867 0.0
34 84967 128393 10909168031 0.0
34 85243 126757 10805146951 0.0
34 85571 137849 11795876779 0.0
34 88817 124171 11028495707 0.0
34 89867 154127 13850931109 0.0
34 89867 164431 14776920677 0.0
34 90599 100673 9120873127 0.0
34 90631 123059 11152960229 0.0
34 90793 121531 11034164083 0.0
34 90847 170497 15489140959 0.0
34 90907 145601 13236150107 0.0
34 91081 160877 14652838037 0.0
34 91309 126823 11580081307 0.0
34 91433 156899 14345746267 0.0
34 91753 152567 13998479951 0.0
34 91943 99709 9167544587 0.0
34 92189 158573 14618686297 0.0
34 92461 171439 15851421379 0.0
34 92593 146777 13590522761 0.0
34 93529 150967 14119792543 0.0
34 93703 133321 12492577663 0.0
34 94597 155137 14675494789 0.0
34 94723 115613 10951210199 0.0
34 95003 120847 11480827541 0.0
34 95063 170299 16189133837 0.0
34 95191 109913 10462728383 0.0
34 96001 111829 10735695829 0.0
34 96263 160001 15402176263 0.0
34 97303 167269 16275775507 0.0
34 97849 105137 10287550313 0.0
34 98101 132383 12986904683 0.0
34 98227 137507 13506900089 0.0
34 98939 137363 13590557857 0.0
34 100297 153077 15353163869 0.0
34 103141 115637 11926915817 0.0
34 103903 154643 16067871629 0.0
34 104047 108863 11326868561 0.0
34 104701 112459 11774569759 0.0
34 108089 130783 14136203687 0.0
34 109049 131779 14370368171 0.0
34 109363 154073 16849885499 0.0
34 109751 120721 13249250471 0.0
34 113749 149717 17030159033 0.0
34 114553 134263 15380229439 0.0
34 117503 135389 15908613667 0.0
34 118901 132851 15796116751 0.0
34 119233 126097 15034923601 0.0
34 124153 133153 16531344409 0.0
34 125821 132367 16654548307 0.0
34 130279 130483 16999194757 0.0
35 69847 262079 18305431913 0.0
35 73637 255947 18847169239 0.0
35 73643 260171 19159772953 0.0
35 75937 228421 17345605477 0.0
35 76961 258691 19909118051 0.0
35 77383 238079 18423267257 0.0
35 80363 214733 17256588079 0.0
35 81331 218987 17810431697 0.0
35 81707 230507 18834035449 0.0
35 82007 261281 21426870967 0.0
35 82457 231109 19056554813 0.0
35 82487 232459 19174845533 0.0
35 83077 228793 19007436061 0.0
35 83101 233939 19440564839 0.0
35 84731 254537 21567174547 0.0
35 87013 249143 21678679859 0.0
35 87557 245561 21500584477 0.0
35 87701 259009 22715348309 0.0
35 88211 229693 20261449223 0.0
35 90947 191677 17432448119 0.0
35 91079 250979 22858916341 0.0
35 93407 224473 20967349511 0.0
35 93419 217429 20311999751 0.0
35 96763 207443 20072807009 0.0
35 97553 203821 19883350013 0.0
35 97871 181523 17765837533 0.0
35 98639 250451 24704236189 0.0
35 99173 256651 25452849623 0.0
35 102217 205171 20971964107 0.0
35 102913 201037 20689320781 0.0
35 102913 203969 20991061697 0.0
35 103979 171007 17781136853 0.0
35 104087 182681 19014717247 0.0
35 104369 187081 19525456889 0.0
35 107183 189151 20273771633 0.0
35 107747 242393 26117118571 0.0
35 109471 202751 22195354721 0.0
35 109517 255313 27961113821 0.0
35 111317 207833 23135346061 0.0
35 111751 181721 20307503471 0.0
35 112289 199909 22447581701 0.0
35 112501 177209 19936189709 0.0
35 113117 176261 19938115537 0.0
35 114203 211943 24204526429 0.0
35 114299 249367 28502398733 0.0
35 117877 210101 24766075577 0.0
35 118571 152311 18059667581 0.0
35 118903 170707 20297574421 0.0
35 120277 226099 27194509423 0.0
35 120647 179593 21667356671 0.0
35 121229 247001 29943684229 0.0
35 121453 160907 19542637871 0.0
35 122743 222127 27264534361 0.0
35 123379 164839 20337670981 0.0
35 123787 232633 28796941171 0.0
35 124171 171707 21321029897 0.0
35 124739 199403 24873330817 0.0
35 124951 251219 31390065269 0.0
35 125017 165479 20687688143 0.0
35 125117 259991 32529293947 0.0
35 125329 156733 19643190157 0.0
35 126211 239383 30212767813 0.0
35 126337 226313 28591705481 0.0
35 126443 231079 29218321997 0.0
35 126923 260713 33090476099 0.0
35 127219 247249 31454770531 0.0
35 128119 212633 27242327327 0.0
35 128563 242533 31180770079 0.0
35 129229 243301 31441544929 0.0
35 129401 144719 18726783319 0.0
35 129803 136993 17782102379 0.0
35 130099 195809 25474555091 0.0
35 131009 250721 32846707489 0.0
35 134731 169777 22874224987 0.0
35 134887 156719 21139355753 0.0
35 134951 190837 25753643987 0.0
35 136067 139969 19045161923 0.0
35 137183 172993 23731698719 0.0
35 139609 149497 20871126673 0.0
35 142939 221603 31675711217 0.0
35 143261 183059 26225215399 0.0
35 144701 184369 26678378669 0.0
35 146309 196871 28803999139 0.0
35 146849 151121 22191967729 0.0
35 147163 156887 23087961581 0.0
35 148139 210247 31145780333 0.0
35 148927 166987 24868872949 0.0
35 149921 207061 31042792181 0.0
35 150551 208283 31357213933 0.0
35 151241 175993 26617357313 0.0
35 151343 186113 28166899759 0.0
35 151703 179657 27254505871 0.0
35 151769 170749 25914404981 0.0
35 154883 182587 28279622321 0.0
35 155381 165083 25650761623 0.0
35 155893 160117 24961119481 0.0
35 160073 173053 27701112869 0.0
35 160169 170207 27261884983 0.0
35 168601 179233 30218863033 0.0
35 174257 179903 31349357071 0.0
36 131249 484327 63567434423 0.0
36 131561 404513 53218134793 0.0
36 131759 449921 59281141039 0.0
36 132961 410411 54568656971 0.0
36 133073 290621 38673808333 0.0
36 133451 487381 65041481831 0.0
36 134471 433117 58241676107 0.0
36 134789 418289 56380756021 0.0
36 135701 503717 68354900617 0.0
36 136193 402869 54867937717 0.0
36 136277 499637 68089031449 0.0
36 136361 319811 43609747771 0.0
36 137191 422249 57928762559 0.0
36 140009 396031 55447904279 0.0
36 140143 485647 68060027521 0.0
36 142057 476087 67631490959 0.0
36 143111 321301 45981707411 0.0
36 144073 340283 49025592659 0.0
36 144161 307423 44318407103 0.0
36 144709 335411 48536990399 0.0
36 145361 441479 64173828919 0.0
36 145679 254279 37043110441 0.0
36 148091 427913 63370064083 0.0
36 148633 361843 53781810619 0.0
36 148691 294337 43765262867 0.0
36 148991 260959 38880542369 0.0
36 149033 252319 37603857527 0.0
36 149519 322627 48238866413 0.0
36 149561 392593 58716601673 0.0
36 151673 412073 62500348129 0.0
36 154291 313129 48312986539 0.0
36 155443 434927 67606357661 0.0
36 156307 415963 65017928641 0.0
36 157321 289319 45515954399 0.0
36 157457 371669 58521885733 0.0
36 157679 429851 67778475829 0.0
36 158371 308663 48883267973 0.0
36 160009 425291 68050387619 0.0
36 160367 399769 64109755223 0.0
36 161123 400429 64518321767 0.0
36 161683 277301 44834857583 0.0
36 162119 350213 56776181347 0.0
36 162529 271003 44045846587 0.0
36 162881 282313 45983423753 0.0
36 163307 292933 47838009431 0.0
36 166781 369647 61650096307 0.0
36 166849 247391 41276940959 0.0
36 168089 285709 48024540101 0.0
36 168409 217717 36665502253 0.0
36 169627 378439 64193472253 0.0
36 169919 398303 67679247457 0.0
36 170887 251197 42926301739 0.0
36 171179 328777 56279718083 0.0
36 171889 345817 59442138313 0.0
36 172999 352097 60912428903 0.0
36 173347 305857 53019393379 0.0
36 173993 312311 54339927823 0.0
36 174673 379319 66256787687 0.0
36 176089 253423 44625002647 0.0
36 176321 240853 42467441813 0.0
36 176357 362339 63901019023 0.0
36 176777 365537 64618534249 0.0
36 176923 270379 47836263817 0.0
36 177433 318377 56490586241 0.0
36 177883 215953 38414367499 0.0
36 177949 254929 45364360621 0.0
36 178103 195787 34870252061 0.0
36 180361 298777 53887718497 0.0
36 180679 259691 46920710189 0.0
36 181889 234007 42563299223 0.0
36 183587 298373 54777403951 0.0
36 184903 228197 42194309891 0.0
36 185099 370661 68608980439 0.0
36 187349 214561 40197788789 0.0
36 187361 246319 46150574159 0.0
36 189473 246713 46745452249 0.0
36 189743 267863 50825129209 0.0
36 192103 282559 54280431577 0.0
36 194269 295007 57310714883 0.0
36 195341 215297 42056331277 0.0
36 195359 322271 62958540289 0.0
36 195407 345953 67601637871 0.0
36 198013 259949 51473281337 0.0
36 199933 279709 55923059497 0.0
36 203869 228509 46585901321 0.0
36 205703 326113 67082422439 0.0
36 206303 234743 48428185129 0.0
36 209837 290107 60875182559 0.0
36 210671 227629 47954829059 0.0
36 211093 300301 63391438993 0.0
36 211129 280013 59118864677 0.0
36 216133 226669 48990650977 0.0
36 216649 297113 64369234337 0.0
36 217081 235349 51089796269 0.0
36 219787 294397 64704633439 0.0
36 222793 306689 68328162377 0.0
36 225167 246899 55593507133 0.0
36 235181 241013 56681678353 0.0
36 242509 257611 62472985999 0.0
36 252017 265819 66990906923 0.0
37 140603 514793 72381440179 0.0
37 143831 483467 69537542077 0.0
37 155009 495791 76852067119 0.0
37 159571 454721 72560284691 0.0
37 165877 506731 84055018087 0.0
37 170021 404497 68772984437 0.0
37 173183 429733 74422450139 0.0
37 173183 464351 80417699233 0.0
37 176503 396919 70057394257 0.0
37 176713 417457 73770078841 0.0
37 181751 515839 93754254089 0.0
37 184553 490453 90514572509 0.0
37 185177 427423 79148908871 0.0
37 185359 372443 69035662037 0.0
37 188273 371417 69927792841 0.0
37 188563 486869 91805479247 0.0
37 189223 416011 78718849453 0.0
37 191749 463231 88824081019 0.0
37 192239 509867 98016322213 0.0
37 193513 363829 70405641277 0.0
37 198427 412949 81940231223 0.0
37 198571 363541 72188699911 0.0
37 198959 357563 71140376917 0.0
37 200351 491707 98513989157 0.0
37 201589 345673 69683874397 0.0
37 203843 339341 69172287463 0.0
37 204487 462437 94562354819 0.0
37 205399 381791 78419489609 0.0
37 205417 479569 98511625273 0.0
37 205589 489457 100626975173 0.0
37 208231 343411 71508815941 0.0
37 210229 471533 99129911057 0.0
37 210599 386537 81404305663 0.0
37 211333 506873 107118991709 0.0
37 214009 334897 71670972073 0.0
37 214691 508727 109219108357 0.0
37 215471 434689 93662873519 0.0
37 216841 399499 86627762659 0.0
37 219889 337219 74150748691 0.0
37 220919 333299 73632081781 0.0
37 222713 336983 75050494879 0.0
37 223637 398921 89213495677 0.0
37 224153 364349 81669921397 0.0
37 225871 494381 111666330851 0.0
37 226241 368957 83473200637 0.0
37 231289 511559 118317969551 0.0
37 233071 310567 72384161257 0.0
37 233911 331523 77546876453 0.0
37 236287 352333 83251707571 0.0
37 237487 473719 112502104153 0.0
37 238471 387791 92476907561 0.0
37 240587 288907 69507268409 0.0
37 240893 364271 87750334003 0.0
37 241271 304981 73583070851 0.0
37 242659 366683 88978930097 0.0
37 243109 506173 123055211857 0.0
37 243623 327923 79889585029 0.0
37 243707 291791 71111509237 0.0
37 246329 289511 71314955119 0.0
37 246979 386977 95575192483 0.0
37 251081 374893 94128509333 0.0
37 251707 311419 78386342233 0.0
37 253417 468893 118825457381 0.0
37 253909 333449 84665702141 0.0
37 254987 388621 99093302927 0.0
37 260047 347993 90494535671 0.0
37 261229 300397 78472407913 0.0
37 261721 498761 130536227681 0.0
37 262187 291649 76466576363 0.0
37 263957 457547 120772733479 0.0
37 267763 434437 116326154431 0.0
37 269341 342691 92300736631 0.0
37 270761 294053 79618084333 0.0
37 271451 465209 126281448259 0.0
37 273803 338369 92646447307 0.0
37 273857 497711 136301641327 0.0
37 274693 494471 135827722403 0.0
37 277639 482281 133900014559 0.0
37 278809 438133 122155423597 0.0
37 279553 383611 107239605883 0.0
37 281357 317693 89385149401 0.0
37 282143 286619 80867544517 0.0
37 282767 398471 112674449257 0.0
37 284423 440941 125413762043 0.0
37 284741 404291 115118223631 0.0
37 286421 417181 119489399201 0.0
37 289511 323567 93676205737 0.0
37 292267 348209 101769999803 0.0
37 297133 436741 129770163553 0.0
37 297809 350029 104241786461 0.0
37 299857 303689 91063272473 0.0
37 301319 445363 134196333797 0.0
37 303089 389981 118198951309 0.0
37 306209 430981 131970261029 0.0
37 306853 358931 110139054143 0.0
37 312353 425149 132796565597 0.0
37 316423 331259 104817966557 0.0
37 323879 383729 124281764791 0.0
37 327251 377123 123413878873 0.0
37 327277 366347 119896947119 0.0
38 262153 655069 171728303557 0.0
38 262193 635147 166531097371 0.0
38 263647 626011 165045922117 0.0
38 265547 778643 206766312721 0.0
38 266417 906263 241443869671 0.0
38 268813 627059 168561610967 0.0
38 272417 649093 176823967781 0.0
38 275059 921169 253375823971 0.0
38 281063 858101 241180441363 0.0
38 282913 780851 220912898963 0.0
38 283501 917771 260188996271 0.0
38 284293 612217 174049007581 0.0
38 284467 483629 137576490743 0.0
38 285553 715903 204428249359 0.0
38 286063 729947 208810828661 0.0
38 288853 490223 141602384219 0.0
38 290347 887701 257741322247 0.0
38 290531 482971 140318047601 0.0
38 291833 580183 169316545439 0.0
38 292471 648211 189582919381 0.0
38 293803 531571 156177154513 0.0
38 294131 685109 201511795279 0.0
38 297191 924683 274807465453 0.0
38 299617 811273 243071182441 0.0
38 300787 567811 170790167257 0.0
38 301531 781987 235793322097 0.0
38 302507 670349 202785264943 0.0
38 304009 695477 211431267293 0.0
38 304847 894139 272575591733 0.0
38 305743 662773 202638205339 0.0
38 307163 711817 218643845171 0.0
38 310553 666983 207133571599 0.0
38 312841 526271 164639145911 0.0
38 313241 605879 189786143839 0.0
38 313351 809843 253765113893 0.0
38 316037 602647 190458749939 0.0
38 322271 615289 198289801319 0.0
38 327401 763649 250019446249 0.0
38 331537 586153 194331407161 0.0
38 331651 429547 142459692097 0.0
38 335809 431141 144781028069 0.0
38 336113 571673 192146727049 0.0
38 341141 695677 237323947457 0.0
38 344171 773561 266237262931 0.0
38 344429 635507 218887040503 0.0
38 344543 779477 268563344011 0.0
38 347513 753373 261806911349 0.0
38 351851 572461 201420975311 0.0
38 353021 463093 163481553953 0.0
38 353711 768931 271979352941 0.0
38 354883 452983 160755965989 0.0
38 356333 398423 141971262859 0.0
38 358591 710459 254764203269 0.0
38 363403 704801 256126797803 0.0
38 367273 580969 213374227537 0.0
38 371383 611297 227025313751 0.0
38 373207 625103 233292815321 0.0
38 373943 414577 155028167111 0.0
38 374501 466283 174623449783 0.0
38 375931 679909 255598870279 0.0
38 376853 427681 161172867893 0.0
38 377633 395261 149263597213 0.0
38 377761 705781 266616536341 0.0
38 378289 630677 238578171653 0.0
38 380917 586121 223263452957 0.0
38 381673 472249 180244692577 0.0
38 382363 552523 211264351849 0.0
38 382919 506479 193940432201 0.0
38 383051 443123 169738708273 0.0
38 384599 497999 191529917401 0.0
38 386537 465293 179852960341 0.0
38 387197 484609 187639150973 0.0
38 391441 528197 206757961877 0.0
38 392263 670577 263042545751 0.0
38 392981 557521 219095160101 0.0
38 392983 588151 231133344433 0.0
38 393073 448829 176422561517 0.0
38 395959 556693 220427603587 0.0
38 398989 470021 187533208769 0.0
38 401101 662897 265888649597 0.0
38 406561 623563 253516396843 0.0
38 409349 437137 178941593813 0.0
38 409579 552821 226423872359 0.0
38 417577 583981 243857034037 0.0
38 417793 449347 187734031171 0.0
38 417811 587659 245530394449 0.0
38 418339 468133 195838291087 0.0
38 422183 577613 243858389179 0.0
38 423347 433549 183541668503 0.0
38 425417 603563 256765960771 0.0
38 444967 594857 264691734719 0.0
38 454277 528433 240054957941 0.0
38 454679 490921 223211469359 0.0
38 459127 507371 232947725117 0.0
38 464213 590813 274263075169 0.0
38 477677 559451 267236875327 0.0
38 481549 553279 266430949171 0.0
38 482767 491651 237352878317 0.0
38 493301 504937 249085927037 0.0
38 514841 516871 266106382511 0.0
39 271003 1047173 283787024519 0.0
39 307147 1031761 316902295867 0.0
39 311561 914491 284919730451 0.0
39 315671 922261 291131052131 0.0
39 320053 1033661 330826304033 0.0
39 328787 845983 278148212621 0.0
39 334031 841879 281213684249 0.0
39 337853 882157 298039388921 0.0
39 340079 969763 329796031277 0.0
39 344479 936619 322645576501 0.0
39 346369 912497 316060673393 0.0
39 348949 985819 344000554231 0.0
39 354839 922069 327186041891 0.0
39 356869 954677 340694626313 0.0
39 362801 764249 277270301449 0.0
39 364373 834913 304219754549 0.0
39 370199 971759 359744210041 0.0
39 371981 813343 302548142483 0.0
39 381167 865639 329953020713 0.0
39 383681 961151 368775376831 0.0
39 388373 860791 334307983043 0.0
39 390821 868451 339408888271 0.0
39 392279 749587 294047238773 0.0
39 392297 910627 357236240219 0.0
39 392723 1012507 397634786561 0.0
39 408413 767537 313472088781 0.0
39 411233 675109 277627099397 0.0
39 411707 887171 365254510897 0.0
39 412663 696719 287510152697 0.0
39 415879 790897 328917453463 0.0
39 417187 754861 314918196007 0.0
39 430979 915589 394599631631 0.0
39 432001 664067 286877608067 0.0
39 447019 696679 311428749901 0.0
39 447233 881597 394279271101 0.0
39 450311 719699 324088376389 0.0
39 450881 1021253 460463573893 0.0
39 455659 1014061 462066021199 0.0
39 456517 950071 433723562707 0.0
39 460561 876817 403827714337 0.0
39 461921 845833 390708025193 0.0
39 474433 867509 411574897397 0.0
39 477991 934487 446676375617 0.0
39 481619 657193 316516635467 0.0
39 489677 1038523 508540827071 0.0
39 491299 965399 474299563301 0.0
39 493531 1004161 495584582491 0.0
39 499157 643099 321007367543 0.0
39 504353 588893 297009951229 0.0
39 505027 670097 338417077619 0.0
39 511793 882187 451497131291 0.0
39 511897 974431 498808305607 0.0
39 511909 979519 501424591771 0.0
39 514741 835673 430155155693 0.0
39 518179 655181 339501035399 0.0
39 519733 929483 483082988039 0.0
39 521161 825647 430295016167 0.0
39 523169 638861 334232270509 0.0
39 525773 651943 342774026939 0.0
39 528001 546097 288339762097 0.0
39 532069 726457 386525249533 0.0
39 532391 536423 285586777393 0.0
39 533413 892763 476211390119 0.0
39 534311 858899 458919183589 0.0
39 536407 870031 466690718617 0.0
39 544277 602627 327996015679 0.0
39 546323 922679 504080759317 0.0
39 546367 829319 453112534073 0.0
39 547663 959489 525476624207 0.0
39 548117 658321 360836931557 0.0
39 551339 727667 401191196113 0.0
39 551557 887059 489263600863 0.0
39 562333 610199 343135034267 0.0
39 568609 577981 328645198429 0.0
39 569197 902471 513683785787 0.0
39 570113 603913 344298652169 0.0
39 570527 912929 520850643583 0.0
39 582499 835039 486409382461 0.0
39 584723 818011 478309845953 0.0
39 588619 802709 472489768871 0.0
39 592649 738383 437601946567 0.0
39 600233 875741 525648647653 0.0
39 603467 837833 505604567011 0.0
39 604069 663161 400595002109 0.0
39 607667 831851 505488401617 0.0
39 608389 641441 390245648549 0.0
39 608851 722977 440185269427 0.0
39 611921 672227 411349818067 0.0
39 613421 723493 443805799553 0.0
39 617473 829001 511885734473 0.0
39 620491 653879 405726034589 0.0
39 621227 679909 422377828343 0.0
39 628997 723193 454886227421 0.0
39 634969 648931 412051068139 0.0
39 639253 659629 421669817137 0.0
39 648889 665279 431692225031 0.0
39 660073 810757 535158805261 0.0
39 668581 753383 503697559523 0.0
39 673327 773023 520497257521 0.0
39 702721 756919 531902876599 0.0
40 525191 1199689 630065865599 0.0
40 526037 1885439 991810675243 0.0
40 526937 1418569 747496493153 0.0
40 531337 1288783 684778092871 0.0
40 536563 1768853 949101072239 0.0
40 537611 1691633 909440508763 0.0
40 538471 1904897 1025731792487 0.0
40 539947 1865849 1007459570003 0.0
40 540803 1585313 857342026339 0.0
40 546569 1977119 1080631954711 0.0
40 547787 1889389 1034982732143 0.0
40 553643 1515809 839217042187 0.0
40 556573 1281043 712993945639 0.0
40 556763 1834669 1021475816447 0.0
40 558149 1464289 817291441061 0.0
40 564163 1227053 692257901639 0.0
40 564227 1200083 677119230841 0.0
40 565379 1444273 816561624467 0.0
40 567097 1544113 875661849961 0.0
40 577081 1152649 665171837569 0.0
40 578581 1507487 872203335947 0.0
40 579641 1420121 823160356561 0.0
40 579869 1124741 652202438929 0.0
40 580711 1308709 759981712099 0.0
40 581521 1262939 734425550219 0.0
40 592507 1809491 1072136083937 0.0
40 593507 1431977 849888373339 0.0
40 595339 1408397 838473661583 0.0
40 601201 1103107 663189031507 0.0
40 601319 1456561 875857803959 0.0
40 601507 1649797 992364444079 0.0
40 610339 1062409 648429646651 0.0
40 610739 1719217 1049992871363 0.0
40 617809 1348063 832845453967 0.0
40 619657 1114471 690589756447 0.0
40 622301 1050737 653874685837 0.0
40 622331 958871 596735148301 0.0
40 622477 1511947 941152232719 0.0
40 623767 995119 620722393273 0.0
40 627919 1090597 684806577643 0.0
40 628973 1659683 1043895795559 0.0
40 638581 1325263 846287771803 0.0
40 642517 1398451 898528541167 0.0
40 648997 1140697 740308930909 0.0
40 653357 1280803 836821605671 0.0
40 653743 1012171 661699706053 0.0
40 657473 1535741 1009708242493 0.0
40 657719 1424881 937171306439 0.0
40 661477 918259 607407208543 0.0
40 663797 857099 568939744903 0.0
40 666959 1500143 1000533875137 0.0
40 669923 1381519 925511353037 0.0
40 673553 1089113 733575328489 0.0
40 674299 1290853 870420887047 0.0
40 675251 1054181 711836774431 0.0
40 675611 818359 552892342349 0.0
40 676679 1524433 1031551798007 0.0
40 691931 1356947 938913694657 0.0
40 693779 1279961 888010062619 0.0
40 696181 1382159 962232834779 0.0
40 702733 1394389 979883165137 0.0
40 707219 1043849 738229845931 0.0
40 711649 1326943 944317659007 0.0
40 717229 1310797 940141621513 0.0
40 729649 1092391 797062000759 0.0
40 744607 759523 565546142461 0.0
40 751237 1254791 942645426467 0.0
40 755449 1177697 889690020953 0.0
40 766273 955379 732081132467 0.0
40 778439 1230637 957975835643 0.0
40 785839 1112381 874152372659 0.0
40 788023 1064867 839139687941 0.0
40 795533 1144667 910620372511 0.0
40 796561 1332941 1061768815901 0.0
40 800669 995119 796760934611 0.0
40 801677 946109 758473824793 0.0
40 808021 961811 777163486031 0.0
40 808187 849127 686253402749 0.0
40 809189 1187623 961011467747 0.0
40 809401 1133681 917602535081 0.0
40 817603 1266301 1035331496503 0.0
40 827719 945179 782342616701 0.0
40 831653 994229 826853530537 0.0
40 837439 1155929 968020025831 0.0
40 845111 958367 809926493737 0.0
40 845659 1041983 881162301797 0.0
40 860647 1133897 975885051359 0.0
40 873541 1051397 918438386777 0.0
40 877601 1099843 965223316643 0.0
40 878299 975277 856584813823 0.0
40 887837 1223447 1086221514139 0.0
40 906557 1033369 936807900533 0.0
40 930841 1058249 985061557409 0.0
40 934939 979949 916192538111 0.0
40 935059 995513 930863390267 0.0
40 950819 1131079 1075451403701 0.0
40 977881 992357 970407055517 0.0
40 982351 1069597 1050719682547 0.0
40 1008913 1067849 1077366738137 0.0
40 1015481 1056463 1072818103703 0.0
41 533969 2079353 1110310042057 0.0
41 564089 2007659 1132498357651 0.0
41 579967 2051167 1189609171489 0.0
41 640307 1775171 1136654417497 0.0
41 649813 1775219 1153560384047 0.0
41 655223 1756969 1151206499087 0.0
41 688357 2037349 1402423445593 0.0
41 691051 1621079 1120248264029 0.0
41 691409 1741127 1203830877943 0.0
41 709057 1739021 1233065013197 0.0
41 711307 2042399 1452772705493 0.0
41 728293 1612957 1174705292401 0.0
41 732073 1526561 1117554090953 0.0
41 733067 1855807 1360430870069 0.0
41 735419 1553869 1142744786111 0.0
41 749323 2089361 1565606252603 0.0
41 752009 2092661 1573699905949 0.0
41 758929 1811071 1374474302959 0.0
41 759371 1601521 1216148603291 0.0
41 762397 1893589 1443666572833 0.0
41 767647 1533221 1176972500987 0.0
41 770183 1584389 1220269473187 0.0
41 775163 1773613 1374839173919 0.0
41 790057 1571663 1241703354791 0.0
41 792307 1719659 1362497863313 0.0
41 800897 1865569 1494128615393 0.0
41 807221 1618973 1306869004033 0.0
41 818189 2020477 1653132056153 0.0
41 825479 1795979 1482542948941 0.0
41 850261 1937311 1647219988171 0.0
41 853823 1416739 1209644343197 0.0
41 875773 1426891 1249632611743 0.0
41 877651 1815497 1593372757547 0.0
41 878359 1779163 1562743833517 0.0
41 889901 1703593 1516029114293 0.0
41 904399 1789163 1618117228037 0.0
41 908353 2095837 1903759826461 0.0
41 908653 1870859 1699961642927 0.0
41 908741 1725583 1568108021003 0.0
41 946327 1687937 1597340357399 0.0
41 951479 1594883 1517497681957 0.0
41 970987 1623667 1576559549329 0.0
41 981823 2058341 2020926535643 0.0
41 986497 1499353 1479107236441 0.0
41 986509 2057599 2029839931891 0.0
41 993269 1531331 1521023611039 0.0
41 996979 1497043 1492520433097 0.0
41 999769 1404547 1404222549643 0.0
41 1001797 1820009 1823279556173 0.0
41 1003201 1349753 1354073559353 0.0
41 1012513 1896211 1919938288243 0.0
41 1029943 1143943 1178196085249 0.0
41 1031633 1791787 1848466598171 0.0
41 1033181 1297781 1340842671361 0.0
41 1034567 1671311 1729083207337 0.0
41 1038707 1794361 1863815331227 0.0
41 1045063 1072943 1121293030409 0.0
41 1052731 1162859 1224177717929 0.0
41 1055731 1175353 1240856598043 0.0
41 1058807 1592117 1685744624419 0.0
41 1059161 1279627 1355331012947 0.0
41 1063891 1942091 2066173136081 0.0
41 1068941 1352893 1446162796313 0.0
41 1076111 1643129 1768189191319 0.0
41 1079983 2023453 2185294841299 0.0
41 1084547 1193261 1294147637767 0.0
41 1085269 1179337 1279897886653 0.0
41 1089629 1207957 1316224977953 0.0
41 1091521 1758877 1919851181917 0.0
41 1096703 1507423 1653195326369 0.0
41 1116677 1398841 1562053571357 0.0
41 1119397 1510199 1690512230003 0.0
41 1123211 1624627 1824798917297 0.0
41 1142321 1777981 2031025033901 0.0
41 1146799 1306933 1498789457467 0.0
41 1151089 1626949 1872763097461 0.0
41 1151519 1257911 1448508416809 0.0
41 1165721 1629997 1900121732837 0.0
41 1167217 1301413 1519031377621 0.0
41 1172671 1493813 1751751184523 0.0
41 1185337 1708829 2025538240373 0.0
41 1195837 1461667 1747915480279 0.0
41 1222801 1715537 2097760359137 0.0
41 1224851 1430381 1752003598231 0.0
41 1239943 1575239 1953206571377 0.0
41 1241489 1286371 1597015446419 0.0
41 1252639 1469557 1840824410923 0.0
41 1253401 1616677 2026344568477 0.0
41 1256449 1434913 1802895003937 0.0
41 1258267 1316177 1656102085259 0.0
41 1260143 1381291 1740624184613 0.0
41 1284443 1500647 1927495534621 0.0
41 1297057 1311377 1700930717489 0.0
41 1297631 1433413 1860041144603 0.0
41 1312319 1521757 1997030624483 0.0
41 1344641 1544449 2076729447809 0.0
41 1346971 1540963 2075632473073 0.0
41 1356227 1529327 2074114569229 0.0
41 1400801 1503431 2106007648231 0.0
41 1433821 1491547 2138611411087 0.0
42 1048889 3906137 4097104131793 0.0
42 1050593 2973767 3124218793831 0.0
42 1050853 3779311 3971500302283 0.0
42 1052693 2320051 2442301447343 0.0
42 1063109 3775081 4013322586829 0.0
42 1076429 3026999 3258349506571 0.0
42 1076821 3619613 3897675290273 0.0
42 1079431 3272897 3532866481607 0.0
42 1087357 2654303 2886174947171 0.0
42 1101559 3940943 4341181230137 0.0
42 1105457 3286991 3633627209887 0.0
42 1108781 3378929 3746492275549 0.0
42 1111661 2262769 2515432049309 0.0
42 1113527 2782279 3098142788033 0.0
42 1123631 2823857 3172973264767 0.0
42 1123669 3616183 4063392735427 0.0
42 1128509 3340091 3769322754319 0.0
42 1133677 2619913 2970135110101 0.0
42 1134977 2925827 3320746350979 0.0
42 1143071 3142459 3592053751589 0.0
42 1163629 2558737 2977420576573 0.0
42 1163831 2351501 2736749760331 0.0
42 1165079 3686953 4295591514287 0.0
42 1168831 2491589 2912246462459 0.0
42 1169341 1898873 2220430052693 0.0
42 1178939 3533953 4166315015867 0.0
42 1179551 2068841 2440303470391 0.0
42 1198819 3478831 4170488700589 0.0
42 1200989 2102137 2524643413493 0.0
42 1204711 2437951 2937026387161 0.0
42 1208069 1841849 2225080679581 0.0
42 1210169 3249263 3932157355447 0.0
42 1210609 3578737 4332451220833 0.0
42 1215421 3554407 4320100910347 0.0
42 1225397 2023741 2479886150177 0.0
42 1242067 2762741 3431509425647 0.0
42 1242233 3200359 3975591561647 0.0
42 1243969 2595287 3228456574103 0.0
42 1246061 2602939 3243420773279 0.0
42 1259393 2233859 2813306387587 0.0
42 1262311 2277661 2875116534571 0.0
42 1263569 1963253 2480705629957 0.0
42 1268713 1895533 2404887359029 0.0
42 1283297 2692727 3455568480919 0.0
42 1283873 3268477 4196309371421 0.0
42 1290161 3140741 4052061549301 0.0
42 1303223 2215471 2887252763033 0.0
42 1310797 3278791 4297829406427 0.0
42 1312681 2026751 2660477529431 0.0
42 1333313 2574589 3432732983357 0.0
42 1349927 3123181 4216066357787 0.0
42 1357001 2467051 3347790674051 0.0
42 1361741 2946479 4012341259939 0.0
42 1364101 2370317 3233351790017 0.0
42 1373417 1676473 2302496518241 0.0
42 1374209 2681321 3684695450089 0.0
42 1394389 1776461 2477077677329 0.0
42 1395743 2654303 3704724832129 0.0
42 1398871 3049649 4266065546279 0.0
42 1404437 2589799 3637209538163 0.0
42 1415143 1827563 2586262986509 0.0
42 1421011 2462359 3499039224949 0.0
42 1425451 2804917 3998271742567 0.0
42 1432139 2879027 4123166848753 0.0
42 1438747 2447399 3521187969053 0.0
42 1439701 2033357 2927426106257 0.0
42 1445971 2848193 4118404480403 0.0
42 1460423 2768413 4043054018699 0.0
42 1462883 2099089 3070721613587 0.0
42 1472963 2488699 3665761545137 0.0
42 1474141 2245787 3310606693967 0.0
42 1481099 2864341 4242372590759 0.0
42 1489171 1890331 2815026105601 0.0
42 1489441 2431327 3621318118207 0.0
42 1500491 1792979 2690348852689 0.0
42 1527949 2775277 4240481716873 0.0
42 1535813 2533081 3890338729853 0.0
42 1536077 2288369 3515110988413 0.0
42 1555091 1862233 2895941778203 0.0
42 1587799 2469541 3921134730259 0.0
42 1606897 2190311 3519604174967 0.0
42 1616519 2706313 4374806384447 0.0
42 1669637 2606407 4351753564259 0.0
42 1721717 2384609 4105621853653 0.0
42 1729891 2042021 3532473749711 0.0
42 1736557 2509063 4357130916091 0.0
42 1737559 2358799 4098552431641 0.0
42 1750013 2191363 3834913737719 0.0
42 1758433 2434841 4281504764153 0.0
42 1762217 2332663 4110658393871 0.0
42 1814843 2036623 3696150995189 0.0
42 1816189 1973197 3583698686233 0.0
42 1827181 2350723 4295196401863 0.0
42 1851557 2090173 3870074449361 0.0
42 1861807 1903961 3544807917527 0.0
42 1874599 2118113 3970612511687 0.0
42 1893371 2205319 4175487040349 0.0
42 1930177 2018671 3896392334767 0.0
42 1971481 2168851 4275848538331 0.0
42 1978201 2097643 4149559480243 0.0
43 1163609 4118057 4791808187713 0.0
43 1164749 3786011 4409752526239 0.0
43 1171117 3954961 4631722061437 0.0
43 1185697 3938371 4669714679587 0.0
43 1196281 4029049 4819874766769 0.0
43 1197617 3680153 4407413795401 0.0
43 1220839 3914873 4779429638447 0.0
43 1282817 3572819 4583272951123 0.0
43 1366087 3969247 5422336726489 0.0
43 1390331 3878681 5392650433411 0.0
43 1390847 3377813 4698021077611 0.0
43 1427281 3847621 5491636348501 0.0
43 1501021 4132769 6203373057149 0.0
43 1504801 3287887 4947615645487 0.0
43 1506031 3159461 4758246209291 0.0
43 1510679 3623369 5473747457551 0.0
43 1535473 3504997 5381828258581 0.0
43 1550173 3587813 5561730841649 0.0
43 1588019 3901657 6195905447483 0.0
43 1598827 2759789 4412425167503 0.0
43 1607579 3323137 5342205255323 0.0
43 1614589 3897209 6292390782101 0.0
43 1652909 3915997 6472786685273 0.0
43 1667711 3163493 5275792074523 0.0
43 1670579 3720701 6215724955879 0.0
43 1671211 2992229 5000646019319 0.0
43 1695581 3648289 6185969510909 0.0
43 1701101 3386419 5760640747319 0.0
43 1706459 4136773 7059233516807 0.0
43 1732139 3337489 5780994858971 0.0
43 1741477 2707847 4715653270019 0.0
43 1763603 3074567 5422315584901 0.0
43 1771093 2626451 4651688980943 0.0
43 1774067 2498137 4431862413179 0.0
43 1780627 2741231 4881109931837 0.0
43 1787417 2948161 5269593090137 0.0
43 1816651 2647429 4809454540279 0.0
43 1869551 3686321 6891765111871 0.0
43 1895693 3048289 5778620119277 0.0
43 1904311 2521271 4801284099281 0.0
43 1908373 3253021 6207977444833 0.0
43 1923401 2569937 4943019395737 0.0
43 1937339 2616407 5068867320973 0.0
43 1943411 3385267 6578965125737 0.0
43 1952911 3112301 6078046858211 0.0
43 1954763 3130789 6119950498007 0.0
43 1955959 3541411 6926854718149 0.0
43 1973563 3081479 6081492939677 0.0
43 1981787 3103847 6151163634589 0.0
43 1995317 3513299 7010145220783 0.0
43 1997081 3678217 7345697284577 0.0
43 2026109 2971541 6020665963969 0.0
43 2051587 2999303 6153331043861 0.0
43 2053643 2931193 6019623986099 0.0
43 2058949 3978659 8191855969391 0.0
43 2063597 3123227 6445081867519 0.0
43 2064679 4018739 8297406019781 0.0
43 2097917 2513293 5272680110681 0.0
43 2136853 3581873 7653936065669 0.0
43 2137441 3511307 7505211545387 0.0
43 2150657 3580127 7699625193439 0.0
43 2156719 3436981 7412602225339 0.0
43 2161919 3786847 8186856479393 0.0
43 2162351 2168549 4689164098699 0.0
43 2163043 3237539 7002936071177 0.0
43 2167073 3053291 6616704487243 0.0
43 2179367 2900647 6321574350449 0.0
43 2179909 2665891 5811399783919 0.0
43 2180083 2603299 5675407893817 0.0
43 2188811 2510803 5495673225233 0.0
43 2207357 3582989 7908935850073 0.0
43 2213677 3869683 8566228254391 0.0
43 2214713 2285981 5062791838453 0.0
43 2219209 2363171 5244370351739 0.0
43 2229299 2821319 6289563625381 0.0
43 2235049 3491087 7802750508263 0.0
43 2250581 3247781 7309394210761 0.0
43 2267533 3136781 7112754431273 0.0
43 2273311 2871013 6526705434043 0.0
43 2316679 3608477 8359682887883 0.0
43 2317079 3396677 7870368946483 0.0
43 2324957 2872729 6678971397653 0.0
43 2328829 2518067 5864147453543 0.0
43 2345477 3470947 8141026356719 0.0
43 2353709 2623979 6176082988111 0.0
43 2357483 3072467 7243288720561 0.0
43 2371679 3003191 7122605027689 0.0
43 2388163 3197419 7635957751297 0.0
43 2392307 3371257 8065081719899 0.0
43 2393561 2571461 6154948762621 0.0
43 2425769 2468729 5988566277601 0.0
43 2481107 3338441 8283029334187 0.0
43 2511791 2809309 7056397062419 0.0
43 2516929 3199117 8051950351693 0.0
43 2577439 2853853 7355632022467 0.0
43 2615219 2620573 6853372300487 0.0
43 2620301 3087869 8091146228569 0.0
43 2661137 3012809 8017497503833 0.0
43 2694689 3204307 8634610825523 0.0
43 2717653 3100633 8426444574349 0.0
44 2109103 8136281 17160254665943 0.0
44 2110259 4655111 9823489883749 0.0
44 2126867 7059113 15013794488971 0.0
44 2142377 5810647 12448596487919 0.0
44 2148907 5437171 11683974822097 0.0
44 2162089 4836157 10456201851973 0.0
44 2162231 6527789 14114587737259 0.0
44 2170387 5986163 12992290355081 0.0
44 2177449 6307559 13734388036991 0.0
44 2179141 7242943 15783394051963 0.0
44 2188673 4858517 10633704977941 0.0
44 2231219 5412479 12076425981901 0.0
44 2234129 4784543 10689286268047 0.0
44 2267011 4191527 9502237815797 0.0
44 2278063 7548587 17196156746981 0.0
44 2281109 4868623 11105859742907 0.0
44 2281711 5654309 12901499042699 0.0
44 2282017 5002229 11415171615893 0.0
44 2293199 6516989 14944752657811 0.0
44 2323787 6463129 15018935149523 0.0
44 2339677 4840267 11324661373759 0.0
44 2341873 5193763 12163133338099 0.0
44 2349353 4677083 10988118977299 0.0
44 2350541 4269691 10036083752831 0.0
44 2354633 6024913 14186458971929 0.0
44 2357189 6643213 15659308608257 0.0
44 2360363 5735633 13538175914779 0.0
44 2374903 5531633 13137091806599 0.0
44 2403119 3946673 9484324873087 0.0
44 2420689 6224353 15067222839217 0.0
44 2428103 5031857 12217867077271 0.0
44 2473907 5718071 14145975873397 0.0
44 2475367 4023023 9958458374441 0.0
44 2485421 4174453 10375273149713 0.0
44 2494543 6903317 17220621099131 0.0
44 2509561 3808223 9556967920103 0.0
44 2549069 4928213 12562354983697 0.0
44 2555957 5016607 12822231777899 0.0
44 2559397 5352197 13698396945209 0.0
44 2565089 4348913 11155348898257 0.0
44 2570849 6596053 16957456258997 0.0
44 2576789 3439439 8862708581371 0.0
44 2590547 6599231 17095618069357 0.0
44 2624483 3755197 9855450688151 0.0
44 2634419 5857409 15430869560371 0.0
44 2642987 5112109 13511237629583 0.0
44 2645723 6326549 16738296199927 0.0
44 2648363 5406041 14317158960883 0.0
44 2655827 5764397 15309241191319 0.0
44 2682679 4976161 13349442615319 0.0
44 2685649 4641251 12464771106899 0.0
44 2687141 4949683 13300496126303 0.0
44 2712553 4782443 12972630106979 0.0
44 2749007 4099717 11270150731019 0.0
44 2766193 3868987 10702364756491 0.0
44 2780399 5061827 14073898728973 0.0
44 2790089 5924327 16529399595103 0.0
44 2809507 4217341 11848649060887 0.0
44 2811959 3568241 10033747394119 0.0
44 2822311 5899507 16650243500677 0.0
44 2832589 4076587 11547295493743 0.0
44 2853079 4502609 12846299183111 0.0
44 2854043 3597241 10266680495363 0.0
44 2855063 5376323 15349740873349 0.0
44 2914447 5609663 16349065501361 0.0
44 2919353 4139599 12084950759447 0.0
44 2950943 5740103 16938716767129 0.0
44 2962039 3972329 11766193418831 0.0
44 2969003 3587249 10650553042747 0.0
44 2983441 3359639 10023284737799 0.0
44 2991199 4411577 13195904710823 0.0
44 3000797 5811307 17438552611679 0.0
44 3002677 5173211 15533481685847 0.0
44 3005267 3662831 11007785130877 0.0
44 3007811 4512043 13571372567873 0.0
44 3011209 4010857 12077528696113 0.0
44 3023729 5665571 17131151334259 0.0
44 3044033 3352841 10206158647753 0.0
44 3064363 5197513 15927066529219 0.0
44 3096983 5226367 16185969750761 0.0
44 3099461 4715467 14615406063287 0.0
44 3198667 4068343 13013274498781 0.0
44 3234857 5083123 16443176018411 0.0
44 3267623 3620819 11831471443237 0.0
44 3276989 3913171 12823418322119 0.0
44 3282341 5191651 17040768934991 0.0
44 3312151 4540687 15039440987737 0.0
44 3318221 4426777 14689024403717 0.0
44 3393791 5029991 17070738185881 0.0
44 3411943 4472107 15258574173901 0.0
44 3441811 4958381 17065810267991 0.0
44 3585917 4852919 17402164741723 0.0
44 3646187 4788457 17459609663459 0.0
44 3682643 3753367 13822310708981 0.0
44 3709681 4093253 15184662882293 0.0
44 3723739 4724221 17591765982319 0.0
44 3741407 3809599 14253260365793 0.0
44 3800887 3926759 14925167235233 0.0
44 3859099 4011649 15481350644251 0.0
44 4032683 4106057 16558426260931 0.0
45 2813131 6480191 18229626188021 0.0
45 3167473 6852169 21704060298937 0.0
45 3483239 7314833 25479311584087 0.0
45 3747823 6832663 25607611542649 0.0
45 3907069 7440649 29071129047781 0.0
45 4150889 5244553 21769557357617 0.0
45 4374059 5240107 22920537184313 0.0
45 4510477 4539749 20476433450273 0.0
45 4886941 6791591 33190104513131 0.0
45 5333533 6138883 32741935063639 0.0
